season,yr,mnth,hr,holiday,weekday,workingday,weathersit,temp,atemp,hum,windspeed,dayofweek,is_weekend
3,1,6,19,0,6,0,1,1.5678174545496126,1.2815693037966367,-1.8517741894451687,0.03416424037250481,0.986241167131304,1
1,1,1,20,1,1,0,1,-1.3335932558061734,-1.444457376953518,-1.1256114951892935,0.2786686739290992,-1.5058909569374925,0
4,0,10,2,0,5,1,1,-0.9191060114696326,-1.0051126468432632,0.17110760169619865,0.7668598004618318,0.48781474231754474,0
2,1,5,19,0,2,1,1,1.4641956434654773,1.3692060993668462,-0.5550550925596769,1.376894273482633,-1.0074645321237332,0
1,0,1,0,0,4,1,1,-1.229971444722038,-1.444457376953518,-0.34758003705799795,1.6213987070392275,-0.010611682496214593,0
1,0,2,0,0,5,1,1,-0.2973751449648213,-0.21347960606335856,0.48232018494871637,0.7668598004618318,0.48781474231754474,0
2,1,5,18,0,4,1,1,1.1533302102130714,1.1057153365266141,-0.24384250930715912,-0.4540268861602275,-0.010611682496214593,0
4,0,12,7,0,0,0,1,-1.229971444722038,-1.0051126468432632,1.2603516430800117,-1.552252485713761,1.4846675919450634,1
1,1,3,2,0,3,1,1,0.013490288287584293,0.050011156776873573,0.2748451294470381,0.03416424037250481,-0.5090381073099739,0
4,0,10,5,0,3,1,1,-0.40099695604895663,-0.30169677776317194,0.43045142107329665,0.2786686739290992,-0.5090381073099739,0
1,1,12,0,0,1,1,1,-1.644458689058579,-1.7085285159233545,-0.39944880093341767,0.03416424037250481,-1.5058909569374925,0
2,1,4,22,0,1,1,1,-0.9191060114696326,-0.9168954751434499,0.6897952404503953,0.03416424037250481,-1.5058909569374925,0
2,1,6,16,0,6,0,2,1.1533302102130714,1.0174981648268007,-1.3330865506909721,-0.6977135791363653,0.986241167131304,1
2,1,6,4,0,1,1,2,0.2207339104558549,0.22644550017650028,0.741664004325815,0.03416424037250481,-1.5058909569374925,0
3,0,9,17,0,0,0,2,0.3243557215399902,0.3140822957467097,0.06737007394535921,0.03416424037250481,1.4846675919450634,1
2,0,3,8,0,2,1,2,-0.5046187671330916,-0.3893335733333813,-0.24384250930715912,0.8887031469499004,-1.0074645321237332,0
1,0,1,8,0,1,1,2,-1.9553241223109845,-2.0602364504634,-0.6587926203105163,0.7668598004618318,-1.5058909569374925,0
4,1,12,14,0,6,0,2,-0.7118623893013623,-0.565187540603404,0.43045142107329665,-1.552252485713761,0.986241167131304,1
4,1,9,6,0,0,0,1,-0.2973751449648213,-0.21347960606335856,-0.036367453805480225,0.5223553669052369,1.4846675919450634,1
2,1,5,17,0,4,1,1,0.8424647769606661,0.8416441975567779,-1.64429913394349,-0.4540268861602275,-0.010611682496214593,0
1,0,1,3,0,6,0,1,-1.5408368779744437,-1.5326745486533315,0.06737007394535921,-0.4540268861602275,0.986241167131304,1
3,1,8,6,0,1,1,2,0.5315993437082602,0.5781534347165458,0.7935327682012348,-0.4540268861602275,-1.5058909569374925,0
1,0,1,19,0,6,0,3,-0.40099695604895663,-0.30169677776317194,1.3122204069554313,0.5223553669052369,0.986241167131304,1
3,0,7,10,0,1,1,1,1.6714392656337473,1.896768001176915,-0.1919737454317394,-1.552252485713761,-1.5058909569374925,0
4,0,12,22,0,4,1,1,0.11711209937171958,0.13822832847668692,0.01550131006993949,1.1332075805064954,-0.010611682496214593,0
4,1,10,6,0,1,1,1,-0.7118623893013623,-0.6534047123032177,0.6897952404503953,-0.8195569256244342,-1.5058909569374925,0
2,1,5,2,0,5,1,2,0.6352211547923955,0.5781534347165458,1.0528765875783328,-1.552252485713761,0.48781474231754474,0
1,1,1,15,0,4,1,1,-0.2973751449648213,-0.21347960606335856,0.48232018494871637,-0.4540268861602275,-0.010611682496214593,0
1,1,1,4,0,0,0,2,-1.7480805001427142,-1.9720192787635866,-0.8143989119367755,1.6213987070392275,1.4846675919450634,1
4,0,12,6,0,5,1,2,-0.2973751449648213,-0.21347960606335856,-1.5405616061926506,0.8887031469499004,0.48781474231754474,0
4,1,10,3,0,3,1,2,-1.0227278225537677,-0.9168954751434499,0.9491390598274939,-0.6977135791363653,-0.5090381073099739,0
3,1,7,1,0,4,1,1,0.8424647769606661,0.8416441975567779,0.11923883782077893,0.2786686739290992,-0.010611682496214593,0
2,1,5,20,0,4,1,1,0.11711209937171958,0.13822832847668692,-1.1774802590647129,1.1332075805064954,-0.010611682496214593,0
1,1,1,23,0,6,0,1,-1.7480805001427142,-1.8843824831933773,-0.8143989119367755,0.2786686739290992,0.986241167131304,1
3,1,8,0,0,4,1,1,0.8424647769606661,0.8416441975567779,0.3267138933224572,-1.552252485713761,-0.010611682496214593,0
3,1,8,17,0,2,1,2,1.4641956434654773,1.545060066636869,-0.036367453805480225,-0.4540268861602275,-1.0074645321237332,0
4,0,9,4,0,2,1,3,0.6352211547923955,0.40229946744652306,1.623432990207949,-0.8195569256244342,-1.0074645321237332,0
4,0,11,19,0,3,1,1,-0.6082405782172269,-0.477550745033195,-0.24384250930715912,1.6213987070392275,-0.5090381073099739,0
2,1,5,21,0,2,1,3,0.7388429658765308,0.7540074019865686,0.5341889488241361,0.7668598004618318,-1.0074645321237332,0
3,1,8,21,0,3,1,1,1.0497083991289362,1.0174981648268007,-0.08823621768089995,0.03416424037250481,-0.5090381073099739,0
3,1,9,18,0,6,0,2,0.7388429658765308,0.8416441975567779,-1.3849553145663918,0.7668598004618318,0.986241167131304,1
3,0,9,10,0,3,1,1,1.0497083991289362,1.0174981648268007,0.3785826571978769,-0.4540268861602275,-0.5090381073099739,0
3,0,7,22,0,6,0,1,1.1533302102130714,1.1057153365266141,-0.6069238564350966,-0.20952245260363286,0.986241167131304,1
1,0,12,4,0,2,1,2,-1.0227278225537677,-1.0927494424134727,0.11923883782077893,0.2786686739290992,-1.0074645321237332,0
3,1,7,8,0,2,1,1,1.1533302102130714,1.2815693037966367,0.5860577126995559,-0.4540268861602275,-1.0074645321237332,0
2,1,4,20,0,0,0,1,0.3243557215399902,0.3140822957467097,-1.5924303700680704,-0.8195569256244342,1.4846675919450634,1
4,0,9,11,0,4,1,1,0.6352211547923955,0.7540074019865686,-0.08823621768089995,0.03416424037250481,-0.010611682496214593,0
2,0,4,9,0,5,1,3,-0.8154842003854972,-1.0051126468432632,-0.08823621768089995,0.8887031469499004,0.48781474231754474,0
1,0,2,23,0,0,0,1,-1.3335932558061734,-1.0927494424134727,0.11923883782077893,-1.552252485713761,1.4846675919450634,1
3,0,7,6,0,4,1,2,0.7388429658765308,0.5781534347165458,1.3640891708308511,-0.4540268861602275,-0.010611682496214593,0
3,1,9,21,0,2,1,1,0.3243557215399902,0.3140822957467097,-0.14010498155631967,-0.6977135791363653,-1.0074645321237332,0
1,1,2,17,0,3,1,1,0.11711209937171958,0.13822832847668692,-1.5924303700680704,1.6213987070392275,-0.5090381073099739,0
3,1,8,14,0,6,0,1,1.360573832381342,1.1057153365266141,-1.3330865506909721,0.7668598004618318,0.986241167131304,1
1,1,1,20,0,1,1,1,-1.0227278225537677,-1.0051126468432632,-1.2293490229401327,-0.20952245260363286,-1.5058909569374925,0
2,1,4,14,0,2,1,1,0.7388429658765308,0.8416441975567779,-1.8517741894451687,0.7668598004618318,-1.0074645321237332,0
4,1,11,23,0,5,1,1,-0.9191060114696326,-0.8292586795732405,0.9491390598274939,-0.8195569256244342,0.48781474231754474,0
4,1,10,9,0,2,1,3,0.4279775326241249,0.40229946744652306,1.3122204069554313,-0.4540268861602275,-1.0074645321237332,0
3,0,9,12,0,5,1,1,0.7388429658765308,0.48993626301673243,1.623432990207949,-1.552252485713761,0.48781474231754474,0
2,1,5,6,0,2,1,3,0.3243557215399902,0.3140822957467097,1.3122204069554313,-0.6977135791363653,-1.0074645321237332,0
3,0,7,20,0,1,1,1,1.1533302102130714,1.2815693037966367,0.5860577126995559,1.8650854000153652,-1.5058909569374925,0
1,1,1,15,0,3,1,2,-0.8154842003854972,-0.7410415078734272,1.2603516430800117,-0.8195569256244342,-0.5090381073099739,0
2,1,3,0,0,6,0,1,0.4279775326241249,0.40229946744652306,0.2748451294470381,-1.552252485713761,0.986241167131304,1
3,0,8,9,0,2,1,1,0.9460865880448014,0.9298613692565912,-0.08823621768089995,0.7668598004618318,-1.0074645321237332,0
1,1,3,14,0,3,1,1,0.11711209937171958,0.13822832847668692,-1.3849553145663918,1.1332075805064954,-0.5090381073099739,0
2,0,6,8,0,1,1,1,0.7388429658765308,0.7540074019865686,0.5341889488241361,-0.8195569256244342,-1.5058909569374925,0
4,0,11,19,0,4,1,1,-1.0227278225537677,-1.0927494424134727,-0.9181364396876146,0.2786686739290992,-0.010611682496214593,0
3,0,9,0,0,3,1,1,0.2207339104558549,0.22644550017650028,1.9346455734604673,-1.552252485713761,-0.5090381073099739,0
3,0,6,23,0,4,1,1,1.0497083991289362,1.1057153365266141,0.5860577126995559,0.7668598004618318,-0.010611682496214593,0
2,0,4,12,0,2,1,1,1.0497083991289362,1.0174981648268007,-0.08823621768089995,1.8650854000153652,-1.0074645321237332,0
2,0,5,15,0,5,1,1,1.4641956434654773,1.3692060993668462,-0.710661384185936,0.7668598004618318,0.48781474231754474,0
3,1,7,22,0,2,1,1,0.9460865880448014,0.9298613692565912,0.8454015320766545,0.03416424037250481,-1.0074645321237332,0
2,0,5,10,0,1,1,1,0.3243557215399902,0.3140822957467097,-0.5550550925596769,0.03416424037250481,-1.5058909569374925,0
1,1,1,16,0,1,1,3,-1.4372150668903083,-1.2686034096834955,1.2603516430800117,-0.8195569256244342,-1.5058909569374925,0
1,0,3,18,0,2,1,1,-0.9191060114696326,-0.9168954751434499,-1.2293490229401327,0.03416424037250481,-1.0074645321237332,0
4,0,11,12,0,1,1,2,0.013490288287584293,0.050011156776873573,0.741664004325815,-0.4540268861602275,-1.5058909569374925,0
4,0,11,11,0,0,0,1,-0.40099695604895663,-0.30169677776317194,-0.24384250930715912,-0.8195569256244342,1.4846675919450634,1
1,0,1,9,0,4,1,2,-1.644458689058579,-1.3568205813833087,-0.6069238564350966,-1.552252485713761,-0.010611682496214593,0
1,1,3,22,0,4,1,1,0.3243557215399902,0.3140822957467097,-0.710661384185936,1.1332075805064954,-0.010611682496214593,0
1,1,3,20,0,6,0,1,0.3243557215399902,0.3140822957467097,0.06737007394535921,0.03416424037250481,0.986241167131304,1
2,1,6,23,0,0,0,1,1.1533302102130714,1.1057153365266141,-0.24384250930715912,-0.6977135791363653,1.4846675919450634,1
4,1,11,17,0,3,1,1,-0.5046187671330916,-0.3893335733333813,-1.1774802590647129,-0.20952245260363286,-0.5090381073099739,0
4,1,10,4,0,0,0,2,0.013490288287584293,0.050011156776873573,0.01550131006993949,1.376894273482633,1.4846675919450634,1
1,1,1,5,0,3,1,1,-1.5408368779744437,-1.5326745486533315,0.8972702959520742,-0.4540268861602275,-0.5090381073099739,0
3,1,9,23,0,2,1,1,0.2207339104558549,0.22644550017650028,0.2748451294470381,-0.6977135791363653,-1.0074645321237332,0
1,0,3,8,0,5,1,1,-1.1263496336379029,-1.180966614113286,0.3785826571978769,0.5223553669052369,0.48781474231754474,0
4,0,11,8,0,3,1,1,-0.9191060114696326,-0.7410415078734272,1.2603516430800117,-1.552252485713761,-0.5090381073099739,0
2,1,3,23,0,5,1,1,0.5315993437082602,0.6657902302867552,0.3267138933224572,0.5223553669052369,0.48781474231754474,0
4,1,10,23,0,1,1,3,0.2207339104558549,0.22644550017650028,0.741664004325815,-1.552252485713761,-1.5058909569374925,0
3,1,9,14,0,5,1,1,1.0497083991289362,1.0174981648268007,-0.4513175648088374,0.8887031469499004,0.48781474231754474,0
2,1,5,7,0,3,1,1,0.3243557215399902,0.3140822957467097,1.0528765875783328,-1.552252485713761,-0.5090381073099739,0
3,0,7,9,0,0,0,1,1.2569520212972067,1.2815693037966367,0.17110760169619865,-0.8195569256244342,1.4846675919450634,1
1,0,12,1,0,0,0,1,-1.4372150668903083,-1.444457376953518,0.3267138933224572,-0.4540268861602275,1.4846675919450634,1
2,0,3,13,0,2,1,1,-0.8154842003854972,-1.0051126468432632,-1.9555117171960081,0.8887031469499004,-1.0074645321237332,0
1,1,1,17,0,6,0,1,-0.40099695604895663,-0.30169677776317194,-0.9700052035630343,1.6213987070392275,0.986241167131304,1
3,1,8,2,0,6,0,1,1.1533302102130714,1.3692060993668462,1.1047453514537524,-0.4540268861602275,0.986241167131304,1
1,0,3,9,0,6,0,1,-0.40099695604895663,-0.30169677776317194,-0.9700052035630343,2.2314331800600287,0.986241167131304,1
1,0,12,16,0,4,1,1,-1.0227278225537677,-1.0051126468432632,-0.5550550925596769,-0.20952245260363286,-0.010611682496214593,0
3,0,7,9,0,3,1,1,1.6714392656337473,1.545060066636869,-1.1256114951892935,0.03416424037250481,-0.5090381073099739,0
1,1,1,6,0,0,0,2,-1.7480805001427142,-1.8843824831933773,0.5860577126995559,0.2786686739290992,1.4846675919450634,1
1,1,1,18,0,6,0,1,-1.4372150668903083,-1.444457376953518,-1.1256114951892935,0.03416424037250481,0.986241167131304,1
1,0,1,10,0,3,1,1,-1.4372150668903083,-1.6203113442235408,-1.3330865506909721,1.1332075805064954,-0.5090381073099739,0
1,1,1,9,0,3,1,1,-2.3698113666475256,-2.4119443850034457,-0.9181364396876146,-0.4540268861602275,-0.5090381073099739,0
2,1,5,14,0,6,0,1,0.8424647769606661,0.8416441975567779,-1.3849553145663918,0.03416424037250481,0.986241167131304,1
1,0,12,23,0,5,1,2,-0.7118623893013623,-0.8292586795732405,0.17110760169619865,0.5223553669052369,0.48781474231754474,0
4,0,10,12,0,0,0,2,-0.5046187671330916,-0.3893335733333813,-0.036367453805480225,0.03416424037250481,1.4846675919450634,1
1,0,1,8,0,6,0,3,-1.7480805001427142,-1.7085285159233545,1.57156422633253,-0.6977135791363653,0.986241167131304,1
1,1,2,7,0,4,1,1,-1.5408368779744437,-1.6203113442235408,0.3267138933224572,0.5223553669052369,-0.010611682496214593,0
1,0,1,18,0,6,0,1,-1.4372150668903083,-1.444457376953518,0.3267138933224572,-0.4540268861602275,0.986241167131304,1
2,1,5,16,0,4,1,1,1.2569520212972067,1.1933521320968234,-0.39944880093341767,1.376894273482633,-0.010611682496214593,0
2,0,5,23,0,2,1,2,0.3243557215399902,0.3140822957467097,0.2748451294470381,1.1332075805064954,-1.0074645321237332,0
3,0,6,14,0,3,1,2,1.6714392656337473,1.7209140339068922,-0.5550550925596769,0.7668598004618318,-0.5090381073099739,0
1,0,2,22,0,3,1,1,-1.4372150668903083,-1.5326745486533315,-0.9700052035630343,0.5223553669052369,-0.5090381073099739,0
2,1,5,1,0,5,1,1,0.6352211547923955,0.5781534347165458,1.0528765875783328,-0.8195569256244342,0.48781474231754474,0
3,1,9,4,0,2,1,1,-0.090131522796551,-0.03762563879333582,0.48232018494871637,-0.6977135791363653,-1.0074645321237332,0
2,1,4,1,0,2,1,1,-0.40099695604895663,-0.30169677776317194,-0.6587926203105163,0.2786686739290992,-1.0074645321237332,0
4,0,12,10,0,2,1,3,-0.19375333388068602,-0.1258428104931492,1.623432990207949,0.7668598004618318,-1.0074645321237332,0
2,0,4,9,0,6,0,3,-0.5046187671330916,-0.3893335733333813,1.9346455734604673,0.8887031469499004,0.986241167131304,1
3,0,7,14,0,6,0,1,1.7750610767178827,1.3692060993668462,-2.2148555365731064,-1.552252485713761,0.986241167131304,1
4,0,9,21,0,0,0,1,0.6352211547923955,0.40229946744652306,1.623432990207949,-0.8195569256244342,1.4846675919450634,1
2,1,5,7,0,4,1,1,0.5315993437082602,0.7540074019865686,0.06737007394535921,0.7668598004618318,-0.010611682496214593,0
2,1,5,22,0,3,1,3,-0.090131522796551,-0.03762563879333582,1.001007823702913,-0.6977135791363653,-0.5090381073099739,0
4,0,11,18,0,5,1,1,-0.19375333388068602,-0.1258428104931492,-0.9700052035630343,-0.8195569256244342,0.48781474231754474,0
3,0,9,23,0,5,1,1,0.013490288287584293,0.050011156776873573,-0.1919737454317394,-1.552252485713761,0.48781474231754474,0
3,1,9,0,0,4,1,2,1.0497083991289362,1.1057153365266141,1.1047453514537524,-0.8195569256244342,-0.010611682496214593,0
3,0,6,18,0,6,0,1,1.1533302102130714,1.0174981648268007,-0.9181364396876146,0.5223553669052369,0.986241167131304,1
3,1,9,3,0,4,1,1,0.11711209937171958,0.13822832847668692,1.0528765875783328,-1.552252485713761,-0.010611682496214593,0
2,1,3,7,0,2,1,1,-1.4372150668903083,-1.444457376953518,-1.3330865506909721,0.03416424037250481,-1.0074645321237332,0
3,1,8,17,0,4,1,1,1.6714392656337473,1.7209140339068922,-0.5550550925596769,0.5223553669052369,-0.010611682496214593,0
1,1,1,16,0,4,1,2,-0.5046187671330916,-0.3893335733333813,0.43045142107329665,-0.8195569256244342,-0.010611682496214593,0
1,1,3,19,0,5,1,3,-0.7118623893013623,-0.7410415078734272,1.2603516430800117,0.03416424037250481,0.48781474231754474,0
2,1,6,1,0,5,1,1,0.4279775326241249,0.40229946744652306,0.7935327682012348,0.03416424037250481,0.48781474231754474,0
2,0,6,6,0,5,1,1,0.2207339104558549,0.22644550017650028,-0.9181364396876146,0.8887031469499004,0.48781474231754474,0
2,0,4,11,0,2,1,1,0.9460865880448014,0.9298613692565912,0.11923883782077893,1.6213987070392275,-1.0074645321237332,0
2,0,4,15,0,6,0,1,0.5315993437082602,0.6657902302867552,0.5341889488241361,1.6213987070392275,0.986241167131304,1
4,1,11,18,0,2,1,1,-0.8154842003854972,-0.9168954751434499,-0.710661384185936,0.7668598004618318,-1.0074645321237332,0
2,0,4,11,0,1,1,1,0.5315993437082602,0.8416441975567779,-1.1774802590647129,1.6213987070392275,-1.5058909569374925,0
1,1,2,3,0,3,1,1,-0.2973751449648213,-0.21347960606335856,-0.9700052035630343,0.03416424037250481,-0.5090381073099739,0
3,1,9,4,0,4,1,2,1.0497083991289362,1.1057153365266141,1.1047453514537524,-0.8195569256244342,-0.010611682496214593,0
1,1,12,23,0,0,0,1,-1.5408368779744437,-1.6203113442235408,-0.6069238564350966,0.2786686739290992,1.4846675919450634,1
1,0,1,14,0,1,1,1,-1.229971444722038,-1.3568205813833087,-1.6961678978189099,0.7668598004618318,-1.5058909569374925,0
3,0,6,3,0,4,1,1,0.5315993437082602,0.7540074019865686,-0.14010498155631967,-0.20952245260363286,-0.010611682496214593,0
2,1,4,18,0,0,0,1,0.11711209937171958,0.13822832847668692,-0.5550550925596769,0.8887031469499004,1.4846675919450634,1
1,1,1,20,0,3,1,3,-0.9191060114696326,-0.9168954751434499,1.57156422633253,-0.20952245260363286,-0.5090381073099739,0
4,0,10,16,0,1,1,1,0.4279775326241249,0.40229946744652306,-0.34758003705799795,0.5223553669052369,-1.5058909569374925,0
3,0,9,11,0,2,1,1,1.0497083991289362,1.0174981648268007,-0.08823621768089995,-0.20952245260363286,-1.0074645321237332,0
4,1,10,23,0,0,0,1,-0.7118623893013623,-0.7410415078734272,1.57156422633253,-0.4540268861602275,1.4846675919450634,1
2,0,4,17,0,0,0,1,0.3243557215399902,0.3140822957467097,-1.6961678978189099,2.1095898335719596,1.4846675919450634,1
4,0,11,5,0,3,1,3,-0.19375333388068602,-0.1258428104931492,1.623432990207949,-0.6977135791363653,-0.5090381073099739,0
3,0,8,12,0,1,1,1,1.6714392656337473,1.633277238336683,-0.8662676758121949,0.5223553669052369,-1.5058909569374925,0
4,0,12,1,0,6,0,2,-1.229971444722038,-1.2686034096834955,0.3785826571978769,-0.20952245260363286,0.986241167131304,1
2,1,6,6,0,3,1,1,-0.090131522796551,-0.03762563879333582,0.741664004325815,-1.552252485713761,-0.5090381073099739,0
2,1,5,13,0,5,1,1,1.2569520212972067,1.1933521320968234,-0.036367453805480225,-0.4540268861602275,0.48781474231754474,0
1,1,1,21,0,5,1,1,-1.3335932558061734,-1.5326745486533315,-1.1256114951892935,0.7668598004618318,0.48781474231754474,0
2,1,5,23,0,1,1,2,0.4279775326241249,0.40229946744652306,0.7935327682012348,-0.6977135791363653,-1.5058909569374925,0
1,0,3,5,0,4,1,3,-0.7118623893013623,-0.7410415078734272,-3.2522308140815,0.03416424037250481,-0.010611682496214593,0
2,1,5,16,0,2,1,1,1.6714392656337473,1.7209140339068922,-0.710661384185936,2.4751198730361663,-1.0074645321237332,0
3,1,6,16,0,3,1,1,1.6714392656337473,1.2815693037966367,-2.007380481071428,2.1095898335719596,-0.5090381073099739,0
2,1,4,12,0,0,0,1,0.7388429658765308,0.8416441975567779,-0.9700052035630343,0.7668598004618318,1.4846675919450634,1
2,1,6,22,0,3,1,1,0.6352211547923955,0.8416441975567779,-0.6587926203105163,0.8887031469499004,-0.5090381073099739,0
4,1,9,15,0,2,1,1,0.8424647769606661,0.8416441975567779,-1.3849553145663918,1.1332075805064954,-1.0074645321237332,0
3,1,8,1,0,6,0,1,1.1533302102130714,1.3692060993668462,1.1047453514537524,0.03416424037250481,0.986241167131304,1
4,1,12,7,0,1,1,2,-0.6082405782172269,-0.477550745033195,1.623432990207949,0.5223553669052369,-1.5058909569374925,0
3,1,9,13,0,5,1,2,1.0497083991289362,1.0174981648268007,-0.4513175648088374,0.03416424037250481,0.48781474231754474,0
1,1,3,3,0,6,0,2,-0.2973751449648213,-0.21347960606335856,1.3122204069554313,-1.552252485713761,0.986241167131304,1
2,0,4,14,0,3,1,1,0.9460865880448014,0.9298613692565912,0.5860577126995559,0.7668598004618318,-0.5090381073099739,0
2,0,5,23,0,6,0,1,0.4279775326241249,0.40229946744652306,0.7935327682012348,-0.8195569256244342,0.986241167131304,1
1,1,2,5,0,5,1,2,-1.1263496336379029,-1.180966614113286,1.57156422633253,-0.20952245260363286,0.48781474231754474,0
4,1,10,15,0,1,1,1,0.5315993437082602,0.5781534347165458,0.7935327682012348,1.1332075805064954,-1.5058909569374925,0
2,0,5,0,0,0,0,1,0.2207339104558549,0.22644550017650028,1.3122204069554313,-0.20952245260363286,1.4846675919450634,1
2,0,3,13,0,1,1,2,-1.0227278225537677,-1.0927494424134727,-2.007380481071428,0.2786686739290992,-1.5058909569374925,0
2,0,4,21,0,2,1,1,-0.8154842003854972,-1.0927494424134727,-0.8662676758121949,2.7196243065927606,-1.0074645321237332,0
2,0,6,1,0,5,1,1,0.5315993437082602,0.8416441975567779,-1.2812177868155523,1.376894273482633,0.48781474231754474,0
3,0,7,17,0,4,1,1,1.7750610767178827,1.896768001176915,-0.5031863286842572,0.03416424037250481,-0.010611682496214593,0
2,1,5,15,1,1,0,1,1.6714392656337473,1.8091312056067057,-0.34758003705799795,0.8887031469499004,-1.5058909569374925,0
2,0,6,8,0,2,1,2,0.9460865880448014,0.9298613692565912,-0.08823621768089995,-0.4540268861602275,-1.0074645321237332,0
4,0,12,0,0,2,1,1,-1.4372150668903083,-1.180966614113286,0.8972702959520742,-1.552252485713761,-1.0074645321237332,0
2,0,5,11,0,0,0,1,-0.19375333388068602,-0.1258428104931492,1.001007823702913,-0.6977135791363653,1.4846675919450634,1
2,0,4,20,0,1,1,1,0.8424647769606661,0.8416441975567779,-0.08823621768089995,0.7668598004618318,-1.5058909569374925,0
2,1,5,21,0,3,1,1,0.11711209937171958,0.13822832847668692,0.741664004325815,0.2786686739290992,-0.5090381073099739,0
4,1,11,10,0,5,1,2,-1.0227278225537677,-0.8292586795732405,0.11923883782077893,-1.552252485713761,0.48781474231754474,0
3,0,7,13,0,6,0,1,1.6714392656337473,1.545060066636869,-1.1256114951892935,0.2786686739290992,0.986241167131304,1
3,0,7,8,0,3,1,1,1.5678174545496126,1.545060066636869,-0.710661384185936,0.5223553669052369,-0.5090381073099739,0
4,0,12,10,0,1,1,2,-1.4372150668903083,-1.3568205813833087,0.3267138933224572,-0.6977135791363653,-1.5058909569374925,0
4,0,9,13,0,1,1,2,1.0497083991289362,1.1057153365266141,0.5860577126995559,-0.20952245260363286,-1.5058909569374925,0
2,0,4,8,0,6,0,1,-1.0227278225537677,-0.9168954751434499,0.3785826571978769,-0.6977135791363653,0.986241167131304,1
1,1,1,21,0,0,0,1,-1.7480805001427142,-1.796165311493564,-1.1774802590647129,-0.20952245260363286,1.4846675919450634,1
2,0,6,6,0,0,0,1,0.6352211547923955,0.48993626301673243,1.3122204069554313,-0.6977135791363653,1.4846675919450634,1
1,0,2,10,0,3,1,1,-1.5408368779744437,-1.2686034096834955,-1.1774802590647129,-1.552252485713761,-0.5090381073099739,0
1,0,12,1,0,4,1,1,-0.2973751449648213,-0.21347960606335856,1.623432990207949,-0.8195569256244342,-0.010611682496214593,0
2,0,5,3,0,2,1,2,0.4279775326241249,0.40229946744652306,1.623432990207949,-0.6977135791363653,-1.0074645321237332,0
1,1,12,17,0,1,1,3,-1.3335932558061734,-1.3568205813833087,1.57156422633253,-0.20952245260363286,-1.5058909569374925,0
2,1,6,10,0,1,1,1,0.7388429658765308,0.8416441975567779,-1.1256114951892935,2.2314331800600287,-1.5058909569374925,0
2,1,5,20,0,6,0,1,0.9460865880448014,0.9298613692565912,-1.1256114951892935,-0.8195569256244342,0.986241167131304,1
3,0,9,6,0,0,0,1,0.7388429658765308,0.5781534347165458,1.1047453514537524,0.2786686739290992,1.4846675919450634,1
4,1,10,15,0,3,1,1,1.0497083991289362,0.9298613692565912,-1.2293490229401327,-0.6977135791363653,-0.5090381073099739,0
1,0,2,8,0,3,1,1,-2.0589459333951194,-1.9720192787635866,-1.0737427313138737,-1.552252485713761,-0.5090381073099739,0
1,1,1,17,0,6,0,1,-1.3335932558061734,-1.444457376953518,-1.1256114951892935,0.5223553669052369,0.986241167131304,1
1,1,3,3,0,2,1,3,0.11711209937171958,0.13822832847668692,0.48232018494871637,0.8887031469499004,-1.0074645321237332,0
1,1,1,23,0,3,1,2,-1.5408368779744437,-1.444457376953518,-0.9700052035630343,-0.6977135791363653,-0.5090381073099739,0
1,0,2,14,0,0,0,1,-0.2973751449648213,-0.21347960606335856,-0.8143989119367755,-0.8195569256244342,1.4846675919450634,1
2,1,5,19,0,3,1,3,0.013490288287584293,0.050011156776873573,0.741664004325815,1.376894273482633,-0.5090381073099739,0
3,1,8,15,0,0,0,1,2.0859265099702884,1.9849851728767285,-1.3330865506909721,2.7196243065927606,1.4846675919450634,1
2,1,3,7,0,4,1,2,-0.090131522796551,-0.03762563879333582,1.9346455734604673,-0.8195569256244342,-0.010611682496214593,0
4,1,10,16,0,3,1,1,1.2569520212972067,1.0174981648268007,-1.5405616061926506,-0.4540268861602275,-0.5090381073099739,0
2,0,5,0,0,0,0,2,0.013490288287584293,0.050011156776873573,-0.1919737454317394,-0.6977135791363653,1.4846675919450634,1
2,0,6,20,0,3,1,2,1.2569520212972067,1.3692060993668462,0.8454015320766545,0.5223553669052369,-0.5090381073099739,0
2,0,3,2,0,3,1,2,-0.9191060114696326,-0.7410415078734272,-0.29571127318257884,-1.552252485713761,-0.5090381073099739,0
2,0,4,11,0,3,1,2,0.7388429658765308,0.6657902302867552,0.7935327682012348,0.7668598004618318,-0.5090381073099739,0
4,1,11,21,0,0,0,1,-0.2973751449648213,-0.21347960606335856,0.22297636557161837,0.2786686739290992,1.4846675919450634,1
4,1,9,9,0,1,1,1,0.11711209937171958,0.13822832847668692,-0.5550550925596769,0.03416424037250481,-1.5058909569374925,0
2,1,5,16,0,1,1,2,0.5315993437082602,0.8416441975567779,-0.5031863286842572,1.6213987070392275,-1.5058909569374925,0
3,0,6,15,0,4,1,2,1.360573832381342,1.2815693037966367,-0.5550550925596769,1.376894273482633,-0.010611682496214593,0
3,0,7,7,0,0,0,1,1.2569520212972067,1.1933521320968234,-0.24384250930715912,-0.4540268861602275,1.4846675919450634,1
3,0,6,22,0,2,1,1,1.0497083991289362,1.1057153365266141,0.8454015320766545,-0.6977135791363653,-1.0074645321237332,0
2,0,5,2,0,6,0,1,-0.40099695604895663,-0.30169677776317194,1.001007823702913,-0.8195569256244342,0.986241167131304,1
1,0,2,1,0,5,1,1,-0.2973751449648213,-0.21347960606335856,0.48232018494871637,0.2786686739290992,0.48781474231754474,0
3,0,9,12,0,0,0,1,1.0497083991289362,1.0174981648268007,0.11923883782077893,-1.552252485713761,1.4846675919450634,1
3,1,9,8,0,5,1,1,0.2207339104558549,0.22644550017650028,0.5341889488241361,-0.4540268861602275,0.48781474231754474,0
3,0,6,23,0,3,1,2,1.1533302102130714,1.2815693037966367,0.8454015320766545,0.2786686739290992,-0.5090381073099739,0
1,1,2,0,0,6,0,1,-1.229971444722038,-1.180966614113286,0.3785826571978769,-0.6977135791363653,0.986241167131304,1
4,1,12,11,0,6,0,1,-0.8154842003854972,-0.7410415078734272,-0.08823621768089995,-0.8195569256244342,0.986241167131304,1
1,0,12,5,0,4,1,1,-0.6082405782172269,-0.477550745033195,1.001007823702913,-1.552252485713761,-0.010611682496214593,0
4,1,12,4,0,0,0,2,-0.8154842003854972,-0.6534047123032177,1.2603516430800117,-1.552252485713761,1.4846675919450634,1
1,1,2,1,0,3,1,1,-0.2973751449648213,-0.21347960606335856,-1.1256114951892935,0.7668598004618318,-0.5090381073099739,0
3,0,7,20,0,4,1,1,1.5678174545496126,1.8091312056067057,0.01550131006993949,0.03416424037250481,-0.010611682496214593,0
4,0,12,12,0,2,1,2,-0.2973751449648213,-0.21347960606335856,-0.4513175648088374,-0.4540268861602275,-1.0074645321237332,0
1,1,2,3,0,2,1,2,-1.0227278225537677,-0.8292586795732405,0.3785826571978769,-1.552252485713761,-1.0074645321237332,0
1,0,1,17,0,3,1,1,-0.7118623893013623,-0.8292586795732405,-0.29571127318257884,1.1332075805064954,-0.5090381073099739,0
1,0,1,21,0,5,1,1,-2.162567744479255,-2.3237272133036324,-1.2812177868155523,0.7668598004618318,0.48781474231754474,0
3,1,9,15,0,2,1,3,0.5315993437082602,0.40229946744652306,1.3122204069554313,0.5223553669052369,-1.0074645321237332,0
4,1,12,1,0,1,1,1,-0.5046187671330916,-0.3893335733333813,1.001007823702913,-0.4540268861602275,-1.5058909569374925,0
1,1,2,8,1,1,0,1,-1.5408368779744437,-1.7085285159233545,-0.1919737454317394,1.376894273482633,-1.5058909569374925,0
2,0,5,23,0,4,1,2,0.2207339104558549,0.22644550017650028,0.741664004325815,0.03416424037250481,-0.010611682496214593,0
1,1,2,0,0,3,1,1,-0.9191060114696326,-0.7410415078734272,-0.29571127318257884,-1.552252485713761,-0.5090381073099739,0
1,0,3,9,0,3,1,2,-0.9191060114696326,-0.8292586795732405,1.57156422633253,-0.4540268861602275,-0.5090381073099739,0
4,0,12,6,0,3,1,3,-0.090131522796551,-0.03762563879333582,1.9346455734604673,1.8650854000153652,-0.5090381073099739,0
3,0,7,6,0,0,0,2,0.6352211547923955,0.40229946744652306,1.623432990207949,-0.8195569256244342,1.4846675919450634,1
1,0,3,14,0,0,0,3,-0.2973751449648213,-0.21347960606335856,1.9346455734604673,0.2786686739290992,1.4846675919450634,1
2,0,4,11,0,6,0,2,-0.7118623893013623,-0.6534047123032177,0.9491390598274939,-1.552252485713761,0.986241167131304,1
1,1,3,6,0,5,1,2,-0.5046187671330916,-0.3893335733333813,1.2603516430800117,-0.20952245260363286,0.48781474231754474,0
1,1,12,13,0,4,1,1,-1.0227278225537677,-1.180966614113286,-0.710661384185936,2.2314331800600287,-0.010611682496214593,0
4,0,10,3,0,5,1,1,-1.0227278225537677,-1.0927494424134727,0.3785826571978769,0.7668598004618318,0.48781474231754474,0
3,1,6,23,0,3,1,1,0.9460865880448014,0.9298613692565912,-0.8143989119367755,-0.4540268861602275,-0.5090381073099739,0
2,0,6,5,0,4,1,1,0.8424647769606661,0.8416441975567779,-1.2293490229401327,0.2786686739290992,-0.010611682496214593,0
2,1,4,3,0,2,1,1,0.3243557215399902,0.3140822957467097,1.0528765875783328,-0.8195569256244342,-1.0074645321237332,0
4,1,12,4,0,5,1,1,-1.5408368779744437,-1.444457376953518,0.6379264765749756,-0.8195569256244342,0.48781474231754474,0
3,0,8,9,0,1,1,1,0.7388429658765308,0.6657902302867552,0.7935327682012348,1.1332075805064954,-1.5058909569374925,0
1,1,2,11,0,5,1,1,-0.9191060114696326,-1.0051126468432632,-0.5031863286842572,0.8887031469499004,0.48781474231754474,0
3,1,7,4,0,3,1,1,0.7388429658765308,0.5781534347165458,1.3640891708308511,-0.4540268861602275,-0.5090381073099739,0
1,1,2,0,0,1,1,1,-1.229971444722038,-1.3568205813833087,-0.14010498155631967,0.5223553669052369,-1.5058909569374925,0
1,1,1,13,0,1,1,1,-1.0227278225537677,-1.0927494424134727,-1.64429913394349,0.03416424037250481,-1.5058909569374925,0
3,1,7,20,0,3,1,1,1.2569520212972067,1.1933521320968234,-0.036367453805480225,-0.8195569256244342,-0.5090381073099739,0
1,0,1,7,0,6,0,1,-2.4734331777316605,-2.6754351478436775,-0.9700052035630343,0.7668598004618318,0.986241167131304,1
4,0,12,0,0,3,1,1,-0.2973751449648213,-0.21347960606335856,1.9346455734604673,0.03416424037250481,-0.5090381073099739,0
4,0,11,6,0,1,1,2,-1.1263496336379029,-0.9168954751434499,1.57156422633253,-1.552252485713761,-1.5058909569374925,0
1,1,2,6,0,3,1,1,-0.9191060114696326,-0.9168954751434499,0.6897952404503953,-0.20952245260363286,-0.5090381073099739,0
3,0,9,3,0,0,0,1,-0.2973751449648213,-0.21347960606335856,1.001007823702913,0.03416424037250481,1.4846675919450634,1
4,1,11,2,0,4,1,1,-0.9191060114696326,-0.8292586795732405,0.17110760169619865,-0.4540268861602275,-0.010611682496214593,0
1,1,12,20,0,6,0,1,-1.3335932558061734,-1.3568205813833087,-0.7625301480613558,-0.20952245260363286,0.986241167131304,1
1,1,2,9,0,4,1,1,-0.7118623893013623,-0.8292586795732405,0.9491390598274939,0.5223553669052369,-0.010611682496214593,0
3,0,7,22,0,3,1,1,0.9460865880448014,0.9298613692565912,1.0528765875783328,0.03416424037250481,-0.5090381073099739,0
2,0,5,8,0,5,1,1,0.8424647769606661,0.8416441975567779,0.5860577126995559,0.7668598004618318,0.48781474231754474,0
2,0,5,7,0,3,1,1,0.6352211547923955,0.6657902302867552,0.5341889488241361,-0.4540268861602275,-0.5090381073099739,0
3,1,7,15,0,4,1,1,1.5678174545496126,1.3692060993668462,-1.3849553145663918,0.03416424037250481,-0.010611682496214593,0
3,0,7,5,0,3,1,1,0.9460865880448014,0.9298613692565912,1.0528765875783328,-0.8195569256244342,-0.5090381073099739,0
4,1,10,7,0,2,1,1,-0.6082405782172269,-0.477550745033195,1.0528765875783328,0.5223553669052369,-1.0074645321237332,0
1,1,12,21,0,6,0,1,-1.4372150668903083,-1.5326745486533315,-0.6069238564350966,0.7668598004618318,0.986241167131304,1
1,0,2,11,0,0,0,1,-0.7118623893013623,-0.7410415078734272,-0.036367453805480225,-0.4540268861602275,1.4846675919450634,1
1,1,2,16,0,4,1,1,-0.19375333388068602,-0.1258428104931492,-0.39944880093341767,0.7668598004618318,-0.010611682496214593,0
4,0,12,22,0,2,1,1,-1.0227278225537677,-1.0051126468432632,-0.5550550925596769,-0.20952245260363286,-1.0074645321237332,0
2,0,3,9,0,3,1,2,-0.9191060114696326,-1.0051126468432632,0.9491390598274939,0.5223553669052369,-0.5090381073099739,0
1,0,2,12,0,2,1,1,-1.1263496336379029,-1.180966614113286,-2.007380481071428,0.5223553669052369,-1.0074645321237332,0
3,1,7,23,0,1,1,2,1.0497083991289362,1.0174981648268007,0.11923883782077893,-0.6977135791363653,-1.5058909569374925,0
2,1,4,12,0,0,0,3,-0.6082405782172269,-0.477550745033195,1.2603516430800117,1.1332075805064954,1.4846675919450634,1
4,1,11,19,0,6,0,1,-0.8154842003854972,-0.7410415078734272,-0.5031863286842572,-0.8195569256244342,0.986241167131304,1
2,0,6,5,0,3,1,1,0.6352211547923955,0.48993626301673243,1.3122204069554313,-1.552252485713761,-0.5090381073099739,0
1,1,2,2,1,1,0,2,-1.3335932558061734,-1.2686034096834955,1.2603516430800117,-0.8195569256244342,-1.5058909569374925,0
3,1,7,13,0,4,1,1,1.7750610767178827,1.7209140339068922,-0.8143989119367755,-0.4540268861602275,-0.010611682496214593,0
4,1,11,5,0,3,1,2,-1.1263496336379029,-1.2686034096834955,-0.5550550925596769,1.1332075805064954,-0.5090381073099739,0
2,0,4,2,0,4,1,1,-0.7118623893013623,-0.7410415078734272,0.6897952404503953,-0.4540268861602275,-0.010611682496214593,0
4,1,10,6,0,3,1,1,-0.6082405782172269,-0.477550745033195,1.001007823702913,-1.552252485713761,-0.5090381073099739,0
4,0,11,10,0,5,1,1,-0.7118623893013623,-0.7410415078734272,0.43045142107329665,-0.20952245260363286,0.48781474231754474,0
1,0,1,13,0,4,1,1,-1.4372150668903083,-1.6203113442235408,-1.1256114951892935,2.1095898335719596,-0.010611682496214593,0
4,1,11,16,0,1,1,1,-0.40099695604895663,-0.30169677776317194,-0.24384250930715912,0.5223553669052369,-1.5058909569374925,0
2,0,6,17,0,4,1,1,1.360573832381342,1.0174981648268007,-2.2148555365731064,2.7196243065927606,-0.010611682496214593,0
4,0,11,11,0,3,1,1,-0.40099695604895663,-0.30169677776317194,0.43045142107329665,-0.4540268861602275,-0.5090381073099739,0
3,0,7,7,0,2,1,1,1.0497083991289362,1.0174981648268007,0.11923883782077893,-0.8195569256244342,-1.0074645321237332,0
2,0,5,18,0,4,1,1,0.3243557215399902,0.3140822957467097,-1.9036429533205883,0.7668598004618318,-0.010611682496214593,0
1,1,3,19,0,1,1,1,0.6352211547923955,0.7540074019865686,-0.08823621768089995,0.2786686739290992,-1.5058909569374925,0
1,0,12,21,0,3,1,1,-1.4372150668903083,-1.444457376953518,-0.9700052035630343,-0.4540268861602275,-0.5090381073099739,0
3,1,7,0,0,5,1,1,1.1533302102130714,1.1933521320968234,0.3785826571978769,-1.552252485713761,0.48781474231754474,0
2,1,6,11,0,2,1,2,0.3243557215399902,0.3140822957467097,-0.34758003705799795,0.03416424037250481,-1.0074645321237332,0
4,0,10,6,0,2,1,1,0.11711209937171958,0.13822832847668692,1.0528765875783328,-0.8195569256244342,-1.0074645321237332,0
3,0,8,11,0,6,0,2,1.2569520212972067,1.2815693037966367,0.3785826571978769,0.03416424037250481,0.986241167131304,1
1,1,3,23,0,2,1,1,0.11711209937171958,0.13822832847668692,1.0528765875783328,-1.552252485713761,-1.0074645321237332,0
2,1,6,3,0,0,0,1,0.2207339104558549,0.22644550017650028,0.06737007394535921,-0.6977135791363653,1.4846675919450634,1
4,1,12,10,0,2,1,1,-0.19375333388068602,-0.1258428104931492,1.001007823702913,0.03416424037250481,-1.0074645321237332,0
4,1,12,22,0,2,1,1,-1.0227278225537677,-1.0927494424134727,-0.34758003705799795,0.2786686739290992,-1.0074645321237332,0
2,0,5,14,0,2,1,2,1.0497083991289362,1.0174981648268007,-0.24384250930715912,2.7196243065927606,-1.0074645321237332,0
3,1,8,14,0,1,1,1,1.1533302102130714,1.1057153365266141,-0.4513175648088374,-0.20952245260363286,-1.5058909569374925,0
2,0,5,4,0,4,1,1,-0.090131522796551,-0.03762563879333582,1.623432990207949,-1.552252485713761,-0.010611682496214593,0
1,0,2,18,0,3,1,1,-0.5046187671330916,-0.3893335733333813,-1.1774802590647129,0.2786686739290992,-0.5090381073099739,0
2,0,6,14,0,5,1,1,1.0497083991289362,0.9298613692565912,-1.7999054255697489,0.7668598004618318,0.48781474231754474,0
4,1,11,3,0,5,1,1,-1.229971444722038,-1.0051126468432632,0.3785826571978769,-1.552252485713761,0.48781474231754474,0
4,1,11,5,0,1,1,2,-1.0227278225537677,-1.180966614113286,-0.5550550925596769,1.1332075805064954,-1.5058909569374925,0
4,0,12,3,0,5,1,1,-0.19375333388068602,-0.1258428104931492,1.001007823702913,-0.4540268861602275,0.48781474231754474,0
4,0,10,22,0,4,1,1,-0.19375333388068602,-0.1258428104931492,1.001007823702913,-1.552252485713761,-0.010611682496214593,0
4,1,12,21,0,4,1,3,-0.8154842003854972,-0.8292586795732405,0.6897952404503953,-0.20952245260363286,-0.010611682496214593,0
2,0,4,12,0,2,1,2,-0.8154842003854972,-1.0051126468432632,0.43045142107329665,1.6213987070392275,-1.0074645321237332,0
2,0,6,21,0,0,0,1,0.7388429658765308,0.7540074019865686,0.5341889488241361,-0.20952245260363286,1.4846675919450634,1
2,1,5,2,0,1,1,1,0.5315993437082602,0.7540074019865686,-0.14010498155631967,0.8887031469499004,-1.5058909569374925,0
4,1,10,16,0,2,1,1,0.2207339104558549,0.22644550017650028,-1.2293490229401327,0.7668598004618318,-1.0074645321237332,0
1,1,1,6,0,0,0,1,-1.229971444722038,-1.180966614113286,1.57156422633253,-0.4540268861602275,1.4846675919450634,1
4,1,10,6,0,0,0,2,0.013490288287584293,0.050011156776873573,-0.1919737454317394,1.1332075805064954,1.4846675919450634,1
3,1,9,12,0,2,1,3,0.9460865880448014,0.9298613692565912,1.0528765875783328,2.1095898335719596,-1.0074645321237332,0
4,0,10,11,0,5,1,3,0.11711209937171958,0.13822832847668692,1.3122204069554313,-0.20952245260363286,0.48781474231754474,0
2,1,4,15,0,5,1,1,0.013490288287584293,0.050011156776873573,-1.8517741894451687,0.7668598004618318,0.48781474231754474,0
3,0,7,12,0,3,1,1,1.6714392656337473,1.896768001176915,-0.1919737454317394,-1.552252485713761,-0.5090381073099739,0
3,0,8,4,0,2,1,1,0.2207339104558549,0.22644550017650028,-0.34758003705799795,-0.20952245260363286,-1.0074645321237332,0
1,0,2,10,0,1,1,1,-0.2973751449648213,-0.21347960606335856,-1.5405616061926506,0.2786686739290992,-1.5058909569374925,0
1,1,1,13,0,3,1,2,-1.8517023112268494,-2.0602364504634,-1.021873967438454,0.5223553669052369,-0.5090381073099739,0
3,0,7,15,0,4,1,1,1.8786828878020179,1.9849851728767285,-0.6587926203105163,0.03416424037250481,-0.010611682496214593,0
2,0,4,8,0,6,0,2,-0.9191060114696326,-1.0051126468432632,1.57156422633253,-0.20952245260363286,0.986241167131304,1
2,1,3,23,0,4,1,1,0.3243557215399902,0.3140822957467097,1.0528765875783328,-0.8195569256244342,-0.010611682496214593,0
3,0,8,13,0,3,1,1,1.5678174545496126,1.3692060993668462,-1.1256114951892935,0.03416424037250481,-0.5090381073099739,0
2,0,4,4,0,2,1,3,0.013490288287584293,0.050011156776873573,1.3122204069554313,2.4751198730361663,-1.0074645321237332,0
3,0,8,19,0,0,0,1,1.1533302102130714,1.1933521320968234,0.3785826571978769,0.5223553669052369,1.4846675919450634,1
1,1,12,8,0,0,0,1,-1.8517023112268494,-1.796165311493564,0.3267138933224572,-0.6977135791363653,1.4846675919450634,1
2,0,5,20,0,1,1,2,0.6352211547923955,0.7540074019865686,0.3267138933224572,-0.4540268861602275,-1.5058909569374925,0
1,0,3,19,0,1,1,1,-1.0227278225537677,-1.0927494424134727,-1.5405616061926506,0.2786686739290992,-1.5058909569374925,0
2,1,6,0,0,0,0,1,0.3243557215399902,0.3140822957467097,-0.34758003705799795,-0.4540268861602275,1.4846675919450634,1
4,1,10,11,0,2,1,3,0.4279775326241249,0.40229946744652306,1.623432990207949,-0.4540268861602275,-1.0074645321237332,0
2,1,4,5,0,6,0,1,0.013490288287584293,0.050011156776873573,1.001007823702913,0.5223553669052369,0.986241167131304,1
2,0,4,13,0,4,1,1,-0.090131522796551,-0.03762563879333582,-1.5405616061926506,1.1332075805064954,-0.010611682496214593,0
2,0,4,3,1,5,0,1,-0.5046187671330916,-0.3893335733333813,0.6897952404503953,-1.552252485713761,0.48781474231754474,0
2,0,6,23,0,4,1,1,0.6352211547923955,0.8416441975567779,-1.4368240784418116,0.2786686739290992,-0.010611682496214593,0
2,0,4,6,0,1,1,1,-0.40099695604895663,-0.30169677776317194,-0.24384250930715912,0.7668598004618318,-1.5058909569374925,0
3,1,7,1,0,2,1,1,0.8424647769606661,0.7540074019865686,1.0528765875783328,-0.4540268861602275,-1.0074645321237332,0
4,1,11,2,0,6,0,1,-0.9191060114696326,-0.7410415078734272,0.9491390598274939,-1.552252485713761,0.986241167131304,1
4,0,11,11,0,6,0,1,-0.7118623893013623,-0.565187540603404,-1.1774802590647129,-1.552252485713761,0.986241167131304,1
1,0,2,4,0,6,0,1,-0.5046187671330916,-0.3893335733333813,-2.474199355950205,1.1332075805064954,0.986241167131304,1
4,1,11,21,0,2,1,2,-1.0227278225537677,-1.0927494424134727,-0.34758003705799795,0.5223553669052369,-1.0074645321237332,0
3,1,9,7,0,6,0,1,0.4279775326241249,0.40229946744652306,0.7935327682012348,0.5223553669052369,0.986241167131304,1
4,1,9,13,0,0,0,1,0.6352211547923955,0.8416441975567779,-1.1256114951892935,0.5223553669052369,1.4846675919450634,1
1,1,1,0,0,1,1,2,-0.9191060114696326,-1.0927494424134727,-1.9036429533205883,1.8650854000153652,-1.5058909569374925,0
1,0,2,12,0,0,0,1,-0.7118623893013623,-0.9168954751434499,-1.5924303700680704,2.2314331800600287,1.4846675919450634,1
4,0,10,3,1,1,0,1,-0.19375333388068602,-0.1258428104931492,1.3122204069554313,-1.552252485713761,-1.5058909569374925,0
4,1,10,0,0,3,1,2,-0.19375333388068602,-0.1258428104931492,1.3122204069554313,-0.8195569256244342,-0.5090381073099739,0
3,0,8,11,0,6,0,1,1.4641956434654773,1.545060066636869,-0.036367453805480225,0.2786686739290992,0.986241167131304,1
2,1,5,8,0,5,1,2,0.7388429658765308,0.5781534347165458,1.3640891708308511,-0.6977135791363653,0.48781474231754474,0
3,1,7,23,0,4,1,3,0.8424647769606661,0.6657902302867552,1.3640891708308511,0.2786686739290992,-0.010611682496214593,0
2,1,5,19,0,1,1,1,0.8424647769606661,0.8416441975567779,0.3267138933224572,-0.8195569256244342,-1.5058909569374925,0
3,1,6,3,0,2,1,1,0.2207339104558549,0.22644550017650028,-0.9181364396876146,0.7668598004618318,-1.0074645321237332,0
2,1,5,12,0,0,0,2,0.5315993437082602,0.7540074019865686,0.06737007394535921,-0.8195569256244342,1.4846675919450634,1
2,0,4,1,0,1,1,1,-0.5046187671330916,-0.3893335733333813,-0.34758003705799795,1.376894273482633,-1.5058909569374925,0
3,1,7,16,0,1,1,1,1.7750610767178827,1.545060066636869,-1.3849553145663918,0.7668598004618318,-1.5058909569374925,0
3,1,8,9,0,2,1,2,1.0497083991289362,1.1057153365266141,0.5860577126995559,-0.4540268861602275,-1.0074645321237332,0
4,1,9,9,0,0,0,1,0.11711209937171958,0.13822832847668692,0.01550131006993949,-0.6977135791363653,1.4846675919450634,1
2,0,4,18,0,2,1,1,0.9460865880448014,0.9298613692565912,0.11923883782077893,2.1095898335719596,-1.0074645321237332,0
2,1,4,16,0,3,1,1,-0.2973751449648213,-0.21347960606335856,-1.5405616061926506,0.8887031469499004,-0.5090381073099739,0
3,0,7,0,0,3,1,2,1.4641956434654773,1.3692060993668462,-0.5550550925596769,-0.20952245260363286,-0.5090381073099739,0
4,0,12,17,0,2,1,1,-0.5046187671330916,-0.3893335733333813,-0.036367453805480225,-0.20952245260363286,-1.0074645321237332,0
2,1,3,7,0,1,1,1,-0.2973751449648213,-0.21347960606335856,0.48232018494871637,0.03416424037250481,-1.5058909569374925,0
4,1,11,7,0,1,1,2,-1.0227278225537677,-1.0927494424134727,-0.710661384185936,0.5223553669052369,-1.5058909569374925,0
4,0,11,11,0,3,1,1,-0.19375333388068602,-0.1258428104931492,0.22297636557161837,-0.20952245260363286,-0.5090381073099739,0
2,0,6,8,0,6,0,1,0.8424647769606661,0.7540074019865686,0.7935327682012348,-0.8195569256244342,0.986241167131304,1
3,1,7,15,0,6,0,3,0.5315993437082602,0.40229946744652306,1.3122204069554313,0.5223553669052369,0.986241167131304,1
4,1,9,11,0,0,0,1,0.5315993437082602,0.8416441975567779,-1.021873967438454,0.2786686739290992,1.4846675919450634,1
3,0,7,21,0,0,0,1,1.4641956434654773,1.545060066636869,-0.1919737454317394,0.8887031469499004,1.4846675919450634,1
4,0,11,12,0,0,0,1,-0.2973751449648213,-0.21347960606335856,-0.4513175648088374,-1.552252485713761,1.4846675919450634,1
4,0,11,15,0,2,1,1,0.013490288287584293,0.050011156776873573,-0.9181364396876146,-0.4540268861602275,-1.0074645321237332,0
3,0,7,9,0,3,1,1,1.2569520212972067,1.2815693037966367,0.3785826571978769,-0.8195569256244342,-0.5090381073099739,0
4,0,12,23,0,2,1,1,-1.229971444722038,-1.0051126468432632,0.3785826571978769,-1.552252485713761,-1.0074645321237332,0
2,1,5,15,0,2,1,1,1.0497083991289362,1.0174981648268007,-0.08823621768089995,-0.8195569256244342,-1.0074645321237332,0
2,1,6,19,0,0,0,1,1.6714392656337473,1.3692060993668462,-1.7999054255697489,0.7668598004618318,1.4846675919450634,1
4,0,11,10,0,6,0,1,-0.9191060114696326,-1.0051126468432632,-0.9181364396876146,0.5223553669052369,0.986241167131304,1
1,0,1,23,0,4,1,2,-1.5408368779744437,-1.6203113442235408,-0.1919737454317394,0.03416424037250481,-0.010611682496214593,0
3,0,9,21,0,5,1,1,0.8424647769606661,0.6657902302867552,1.3640891708308511,-1.552252485713761,0.48781474231754474,0
2,1,4,10,0,6,0,1,-0.40099695604895663,-0.30169677776317194,-1.7999054255697489,0.5223553669052369,0.986241167131304,1
1,1,2,10,0,5,1,2,-1.229971444722038,-1.180966614113286,-0.7625301480613558,-0.4540268861602275,0.48781474231754474,0
4,1,10,3,0,2,1,2,0.2207339104558549,0.22644550017650028,1.3122204069554313,0.03416424037250481,-1.0074645321237332,0
2,1,3,10,0,5,1,2,0.3243557215399902,0.3140822957467097,1.3122204069554313,-0.6977135791363653,0.48781474231754474,0
4,0,12,0,0,1,1,1,-0.9191060114696326,-0.8292586795732405,1.2603516430800117,-0.8195569256244342,-1.5058909569374925,0
1,1,3,18,0,3,1,1,1.0497083991289362,0.9298613692565912,-1.5924303700680704,-1.552252485713761,-0.5090381073099739,0
3,0,7,5,0,2,1,1,0.8424647769606661,0.8416441975567779,0.3267138933224572,-1.552252485713761,-1.0074645321237332,0
2,0,5,16,0,0,0,1,1.2569520212972067,1.2815693037966367,0.3785826571978769,0.7668598004618318,1.4846675919450634,1
3,0,6,17,0,0,0,2,1.1533302102130714,1.0174981648268007,-1.0737427313138737,-0.20952245260363286,1.4846675919450634,1
2,1,5,8,0,3,1,2,0.3243557215399902,0.3140822957467097,1.3122204069554313,-1.552252485713761,-0.5090381073099739,0
4,1,11,14,0,4,1,2,-0.6082405782172269,-0.477550745033195,-0.4513175648088374,-0.20952245260363286,-0.010611682496214593,0
1,1,3,5,0,4,1,1,-0.090131522796551,-0.03762563879333582,1.3122204069554313,-0.20952245260363286,-0.010611682496214593,0
4,0,11,15,0,3,1,2,-0.40099695604895663,-0.30169677776317194,-0.4513175648088374,2.1095898335719596,-0.5090381073099739,0
3,1,7,2,0,4,1,1,1.2569520212972067,1.1057153365266141,-0.6069238564350966,-1.552252485713761,-0.010611682496214593,0
1,1,12,23,1,2,0,2,-1.1263496336379029,-1.180966614113286,0.11923883782077893,0.5223553669052369,-1.0074645321237332,0
4,1,10,7,0,0,0,3,-0.40099695604895663,-0.30169677776317194,-0.24384250930715912,-0.20952245260363286,1.4846675919450634,1
4,0,10,14,0,1,1,2,0.2207339104558549,0.22644550017650028,0.06737007394535921,0.03416424037250481,-1.5058909569374925,0
4,1,11,19,0,4,1,2,-0.8154842003854972,-0.8292586795732405,-0.08823621768089995,-0.4540268861602275,-0.010611682496214593,0
4,0,10,23,0,3,1,3,0.2207339104558549,0.22644550017650028,1.623432990207949,-0.8195569256244342,-0.5090381073099739,0
3,0,9,11,0,4,1,2,0.9460865880448014,0.9298613692565912,0.11923883782077893,-0.4540268861602275,-0.010611682496214593,0
3,0,8,22,0,0,0,1,0.7388429658765308,0.7540074019865686,0.3267138933224572,-0.6977135791363653,1.4846675919450634,1
4,1,12,17,0,6,0,1,-0.6082405782172269,-0.477550745033195,1.2603516430800117,-0.4540268861602275,0.986241167131304,1
4,0,9,17,0,3,1,1,1.0497083991289362,1.0174981648268007,0.3785826571978769,0.2786686739290992,-0.5090381073099739,0
4,1,10,20,0,2,1,3,0.6352211547923955,0.40229946744652306,1.623432990207949,-0.4540268861602275,-1.0074645321237332,0
4,0,11,15,0,3,1,1,-0.7118623893013623,-0.8292586795732405,-0.8662676758121949,1.1332075805064954,-0.5090381073099739,0
1,0,3,10,0,2,1,1,-1.3335932558061734,-1.5326745486533315,-0.5550550925596769,0.7668598004618318,-1.0074645321237332,0
2,0,5,6,0,0,0,2,0.11711209937171958,0.13822832847668692,1.9346455734604673,-0.4540268861602275,1.4846675919450634,1
2,1,5,3,0,0,0,1,0.2207339104558549,0.22644550017650028,-0.34758003705799795,-0.8195569256244342,1.4846675919450634,1
4,0,10,5,0,5,1,1,-0.8154842003854972,-0.8292586795732405,0.6897952404503953,0.03416424037250481,0.48781474231754474,0
3,0,8,6,0,3,1,1,0.9460865880448014,0.9298613692565912,-0.08823621768089995,-1.552252485713761,-0.5090381073099739,0
4,1,12,18,0,0,0,3,-0.7118623893013623,-0.6534047123032177,1.57156422633253,-0.8195569256244342,1.4846675919450634,1
2,1,3,3,0,4,1,1,0.11711209937171958,0.13822832847668692,1.0528765875783328,-0.8195569256244342,-0.010611682496214593,0
3,1,8,19,0,4,1,1,1.5678174545496126,1.8091312056067057,0.01550131006993949,-0.20952245260363286,-0.010611682496214593,0
4,1,10,12,0,5,1,1,0.2207339104558549,0.22644550017650028,-1.2293490229401327,2.2314331800600287,0.48781474231754474,0
2,0,5,11,0,5,1,2,1.2569520212972067,1.1933521320968234,-0.39944880093341767,1.1332075805064954,0.48781474231754474,0
3,0,8,21,0,3,1,1,1.0497083991289362,1.0174981648268007,-0.08823621768089995,1.376894273482633,-0.5090381073099739,0
2,1,4,22,0,0,0,1,0.013490288287584293,0.050011156776873573,-0.9181364396876146,-1.552252485713761,1.4846675919450634,1
1,1,1,19,0,2,1,1,-0.6082405782172269,-0.477550745033195,-0.8662676758121949,-0.6977135791363653,-1.0074645321237332,0
3,1,9,23,0,1,1,3,0.5315993437082602,0.22644550017650028,1.623432990207949,0.5223553669052369,-1.5058909569374925,0
1,1,3,5,0,2,1,1,-1.644458689058579,-1.7085285159233545,-0.6069238564350966,0.2786686739290992,-1.0074645321237332,0
1,1,1,1,0,6,0,4,-1.8517023112268494,-1.9720192787635866,1.2084828792045919,0.03416424037250481,0.986241167131304,1
4,1,11,11,0,2,1,1,-0.9191060114696326,-0.8292586795732405,-0.9181364396876146,-0.4540268861602275,-1.0074645321237332,0
2,1,6,5,0,0,0,1,0.2207339104558549,0.22644550017650028,0.2748451294470381,-0.4540268861602275,1.4846675919450634,1
2,0,6,22,0,0,0,1,0.8424647769606661,0.7540074019865686,0.7935327682012348,0.2786686739290992,1.4846675919450634,1
3,0,9,22,0,5,1,1,-0.090131522796551,-0.03762563879333582,0.22297636557161837,-0.8195569256244342,0.48781474231754474,0
3,0,7,19,0,6,0,1,1.360573832381342,1.2815693037966367,-0.39944880093341767,-0.20952245260363286,0.986241167131304,1
2,1,6,18,0,2,1,1,1.5678174545496126,1.633277238336683,-0.39944880093341767,-0.20952245260363286,-1.0074645321237332,0
4,1,12,19,0,4,1,1,-1.229971444722038,-1.2686034096834955,-0.14010498155631967,0.03416424037250481,-0.010611682496214593,0
1,1,3,11,0,0,0,2,-0.2973751449648213,-0.21347960606335856,1.001007823702913,-0.20952245260363286,1.4846675919450634,1
2,0,4,15,0,0,0,1,0.013490288287584293,0.050011156776873573,0.741664004325815,0.2786686739290992,1.4846675919450634,1
1,1,2,17,0,2,1,1,-0.40099695604895663,-0.30169677776317194,-1.9036429533205883,-0.8195569256244342,-1.0074645321237332,0
2,1,4,5,0,2,1,1,-1.0227278225537677,-1.0927494424134727,0.3785826571978769,0.03416424037250481,-1.0074645321237332,0
1,0,2,15,0,6,0,1,-0.8154842003854972,-1.0051126468432632,-1.7480366616943295,1.8650854000153652,0.986241167131304,1
1,1,3,1,0,3,1,1,0.11711209937171958,0.13822832847668692,0.01550131006993949,-0.8195569256244342,-0.5090381073099739,0
2,0,4,17,0,0,0,2,0.11711209937171958,0.13822832847668692,0.48232018494871637,0.03416424037250481,1.4846675919450634,1
3,0,8,8,0,5,1,1,1.0497083991289362,1.0174981648268007,0.11923883782077893,0.2786686739290992,0.48781474231754474,0
4,0,12,18,0,1,1,1,-0.7118623893013623,-0.7410415078734272,-0.6587926203105163,0.03416424037250481,-1.5058909569374925,0
3,1,7,14,0,1,1,1,1.5678174545496126,1.545060066636869,-0.710661384185936,0.2786686739290992,-1.5058909569374925,0
2,0,6,13,0,4,1,2,1.1533302102130714,1.1057153365266141,-0.4513175648088374,0.5223553669052369,-0.010611682496214593,0
3,0,8,11,0,6,0,1,1.1533302102130714,1.1057153365266141,-0.24384250930715912,-1.552252485713761,0.986241167131304,1
3,0,9,14,0,4,1,2,1.0497083991289362,1.1057153365266141,0.8454015320766545,1.376894273482633,-0.010611682496214593,0
2,0,5,20,0,4,1,1,0.5315993437082602,0.7540074019865686,0.06737007394535921,0.03416424037250481,-0.010611682496214593,0
3,0,8,8,0,5,1,2,0.8424647769606661,0.7540074019865686,1.0528765875783328,-1.552252485713761,0.48781474231754474,0
2,0,4,1,0,1,1,1,-0.19375333388068602,-0.1258428104931492,1.623432990207949,0.7668598004618318,-1.5058909569374925,0
1,0,2,1,0,0,0,1,-1.5408368779744437,-1.444457376953518,-0.1919737454317394,-0.8195569256244342,1.4846675919450634,1
1,1,3,10,0,5,1,2,-0.8154842003854972,-1.0927494424134727,-1.3849553145663918,2.4751198730361663,0.48781474231754474,0
4,0,10,3,0,0,0,1,-0.40099695604895663,-0.30169677776317194,-0.4513175648088374,-0.4540268861602275,1.4846675919450634,1
2,0,5,10,0,3,1,3,0.2207339104558549,0.22644550017650028,1.3122204069554313,0.7668598004618318,-0.5090381073099739,0
2,1,5,21,0,2,1,1,0.6352211547923955,0.6657902302867552,0.7935327682012348,-0.4540268861602275,-1.0074645321237332,0
3,1,7,18,0,6,0,2,0.5315993437082602,0.40229946744652306,1.3122204069554313,0.03416424037250481,0.986241167131304,1
4,0,9,18,0,5,1,1,0.4279775326241249,0.40229946744652306,-0.710661384185936,1.376894273482633,0.48781474231754474,0
2,1,3,10,0,0,0,2,-0.5046187671330916,-0.3893335733333813,1.2603516430800117,1.1332075805064954,1.4846675919450634,1
1,0,1,13,0,0,0,1,-1.229971444722038,-1.444457376953518,-1.4368240784418116,0.8887031469499004,1.4846675919450634,1
3,0,7,5,0,0,0,1,1.4641956434654773,1.633277238336683,0.17110760169619865,-0.8195569256244342,1.4846675919450634,1
4,0,9,16,0,5,1,1,0.6352211547923955,0.8416441975567779,-0.5031863286842572,0.2786686739290992,0.48781474231754474,0
4,1,12,17,0,2,1,1,-0.9191060114696326,-1.0051126468432632,-0.5031863286842572,0.2786686739290992,-1.0074645321237332,0
1,0,2,1,0,4,1,1,-1.5408368779744437,-1.8843824831933773,-0.9700052035630343,2.7196243065927606,-0.010611682496214593,0
3,1,8,5,0,5,1,1,0.8424647769606661,0.7540074019865686,1.0528765875783328,-0.20952245260363286,0.48781474231754474,0
4,0,11,4,0,3,1,1,-1.0227278225537677,-1.0927494424134727,0.6379264765749756,0.2786686739290992,-0.5090381073099739,0
3,0,7,22,0,6,0,1,1.1533302102130714,1.1933521320968234,-0.036367453805480225,-0.20952245260363286,0.986241167131304,1
3,0,6,0,0,3,1,2,0.9460865880448014,0.9298613692565912,0.8454015320766545,0.7668598004618318,-0.5090381073099739,0
1,0,1,19,0,4,1,1,-1.229971444722038,-1.444457376953518,-0.34758003705799795,1.1332075805064954,-0.010611682496214593,0
1,1,1,6,0,3,1,1,-2.4734331777316605,-2.499581180573655,-1.1256114951892935,-0.20952245260363286,-0.5090381073099739,0
3,0,7,6,0,5,1,1,0.6352211547923955,0.7540074019865686,-0.08823621768089995,-0.4540268861602275,0.48781474231754474,0
2,1,5,12,0,4,1,1,0.5315993437082602,0.8416441975567779,-1.021873967438454,0.03416424037250481,-0.010611682496214593,0
4,0,12,9,0,2,1,1,-1.229971444722038,-1.2686034096834955,-0.14010498155631967,-0.20952245260363286,-1.0074645321237332,0
4,1,11,15,0,5,1,2,-0.40099695604895663,-0.30169677776317194,-1.2812177868155523,-0.6977135791363653,0.48781474231754474,0
1,0,3,13,0,0,0,1,-0.19375333388068602,-0.1258428104931492,-1.2812177868155523,1.6213987070392275,1.4846675919450634,1
3,1,7,9,0,1,1,2,1.2569520212972067,1.3692060993668462,0.5860577126995559,-0.4540268861602275,-1.5058909569374925,0
2,0,5,19,1,1,0,2,0.11711209937171958,0.13822832847668692,-0.7625301480613558,-0.6977135791363653,-1.5058909569374925,0
1,1,1,1,0,2,1,1,-1.0227278225537677,-1.180966614113286,-1.0737427313138737,0.8887031469499004,-1.0074645321237332,0
1,0,2,10,0,4,1,1,-1.644458689058579,-1.8843824831933773,-1.021873967438454,1.1332075805064954,-0.010611682496214593,0
1,1,1,10,0,1,1,1,-1.3335932558061734,-1.0927494424134727,-0.14010498155631967,-1.552252485713761,-1.5058909569374925,0
4,0,11,22,0,6,0,2,-0.6082405782172269,-0.477550745033195,-0.036367453805480225,-0.20952245260363286,0.986241167131304,1
1,0,3,13,0,2,1,1,-0.9191060114696326,-0.7410415078734272,-1.2293490229401327,-1.552252485713761,-1.0074645321237332,0
4,1,12,5,0,6,0,1,-1.3335932558061734,-1.2686034096834955,1.2603516430800117,-0.8195569256244342,0.986241167131304,1
3,1,9,3,0,4,1,1,1.0497083991289362,1.1057153365266141,1.1047453514537524,-0.6977135791363653,-0.010611682496214593,0
2,1,4,23,0,2,1,1,-0.7118623893013623,-0.8292586795732405,-1.1774802590647129,1.8650854000153652,-1.0074645321237332,0
3,1,7,18,0,2,1,1,1.360573832381342,1.2815693037966367,-0.39944880093341767,0.7668598004618318,-1.0074645321237332,0
2,1,5,1,0,3,1,2,0.5315993437082602,0.5781534347165458,0.7935327682012348,0.5223553669052369,-0.5090381073099739,0
2,1,5,5,0,4,1,1,0.6352211547923955,0.7540074019865686,0.3267138933224572,0.5223553669052369,-0.010611682496214593,0
2,0,6,14,0,6,0,1,1.2569520212972067,1.0174981648268007,-1.5405616061926506,0.2786686739290992,0.986241167131304,1
2,1,4,5,0,2,1,1,0.5315993437082602,0.8416441975567779,-0.5031863286842572,0.5223553669052369,-1.0074645321237332,0
4,1,11,7,0,4,1,2,-1.0227278225537677,-1.0927494424134727,0.11923883782077893,0.03416424037250481,-0.010611682496214593,0
2,1,6,6,0,6,0,2,0.013490288287584293,0.050011156776873573,0.741664004325815,0.03416424037250481,0.986241167131304,1
1,0,1,3,0,6,0,1,-1.3335932558061734,-1.0927494424134727,0.6379264765749756,-1.552252485713761,0.986241167131304,1
1,1,1,15,0,0,0,1,-0.7118623893013623,-0.8292586795732405,-1.9555117171960081,0.7668598004618318,1.4846675919450634,1
3,1,8,15,0,4,1,1,1.4641956434654773,1.545060066636869,-0.036367453805480225,2.2314331800600287,-0.010611682496214593,0
3,0,8,6,0,6,0,1,0.7388429658765308,0.5781534347165458,1.3640891708308511,-0.6977135791363653,0.986241167131304,1
2,1,6,2,0,2,1,3,0.11711209937171958,0.13822832847668692,0.48232018494871637,0.8887031469499004,-1.0074645321237332,0
4,0,9,15,0,5,1,1,0.7388429658765308,0.8416441975567779,-0.6587926203105163,0.7668598004618318,0.48781474231754474,0
1,1,1,21,0,6,0,1,-0.2973751449648213,-0.21347960606335856,-0.9700052035630343,0.2786686739290992,0.986241167131304,1
2,1,6,16,0,2,1,2,0.8424647769606661,0.6657902302867552,1.3640891708308511,0.7668598004618318,-1.0074645321237332,0
3,1,9,11,1,1,0,2,1.2569520212972067,1.2815693037966367,0.3785826571978769,0.7668598004618318,-1.5058909569374925,0
4,0,10,5,0,4,1,3,-0.090131522796551,-0.03762563879333582,1.3122204069554313,-0.8195569256244342,-0.010611682496214593,0
4,1,11,12,0,1,1,1,-0.40099695604895663,-0.30169677776317194,-1.4368240784418116,-0.6977135791363653,-1.5058909569374925,0
3,0,6,7,0,6,0,1,0.7388429658765308,0.8416441975567779,-0.29571127318257884,0.7668598004618318,0.986241167131304,1
3,0,8,6,0,1,1,1,0.8424647769606661,0.8416441975567779,-0.08823621768089995,0.8887031469499004,-1.5058909569374925,0
1,0,2,1,0,3,1,1,-2.0589459333951194,-2.1478732460336096,-1.3849553145663918,0.2786686739290992,-0.5090381073099739,0
1,1,3,2,0,2,1,3,0.11711209937171958,0.13822832847668692,0.48232018494871637,0.8887031469499004,-1.0074645321237332,0
2,1,6,12,0,3,1,1,1.8786828878020179,1.896768001176915,-0.8143989119367755,-0.20952245260363286,-0.5090381073099739,0
4,1,12,14,0,0,0,2,-0.6082405782172269,-0.477550745033195,0.6897952404503953,-0.4540268861602275,1.4846675919450634,1
2,0,5,21,0,1,1,1,0.7388429658765308,0.5781534347165458,1.3640891708308511,0.2786686739290992,-1.5058909569374925,0
2,0,4,4,0,0,0,1,0.013490288287584293,0.050011156776873573,1.623432990207949,-0.8195569256244342,1.4846675919450634,1
4,0,11,11,0,5,1,1,-0.5046187671330916,-0.3893335733333813,0.17110760169619865,-0.6977135791363653,0.48781474231754474,0
1,0,3,7,0,2,1,1,-1.644458689058579,-1.6203113442235408,0.06737007394535921,-0.4540268861602275,-1.0074645321237332,0
2,1,5,8,0,4,1,1,0.11711209937171958,0.13822832847668692,-0.39944880093341767,2.1095898335719596,-0.010611682496214593,0
3,0,9,9,0,6,0,1,0.7388429658765308,0.6657902302867552,0.7935327682012348,0.8887031469499004,0.986241167131304,1
4,0,10,12,1,1,0,2,1.0497083991289362,1.0174981648268007,-0.7625301480613558,-0.8195569256244342,-1.5058909569374925,0
1,1,1,22,0,4,1,2,-1.229971444722038,-1.444457376953518,-0.9700052035630343,1.8650854000153652,-0.010611682496214593,0
4,0,10,22,0,1,1,2,-0.5046187671330916,-0.3893335733333813,1.001007823702913,-1.552252485713761,-1.5058909569374925,0
3,0,7,10,0,4,1,1,1.0497083991289362,0.9298613692565912,-1.0737427313138737,0.5223553669052369,-0.010611682496214593,0
2,1,5,11,0,6,0,1,1.0497083991289362,1.0174981648268007,-0.24384250930715912,-0.8195569256244342,0.986241167131304,1
2,1,4,12,0,0,0,1,-0.090131522796551,-0.03762563879333582,-0.9700052035630343,-0.6977135791363653,1.4846675919450634,1
2,0,6,11,0,4,1,1,2.0859265099702884,2.1608391401467513,-1.0737427313138737,0.2786686739290992,-0.010611682496214593,0
2,0,6,10,0,2,1,2,1.360573832381342,1.1933521320968234,-0.7625301480613558,0.03416424037250481,-1.0074645321237332,0
4,0,9,8,0,5,1,3,0.6352211547923955,0.40229946744652306,1.623432990207949,-0.4540268861602275,0.48781474231754474,0
2,0,5,9,0,4,1,2,0.013490288287584293,0.050011156776873573,0.741664004325815,0.7668598004618318,-0.010611682496214593,0
3,1,8,10,0,2,1,1,0.8424647769606661,0.8416441975567779,-0.08823621768089995,-0.6977135791363653,-1.0074645321237332,0
3,0,7,12,0,2,1,1,1.7750610767178827,1.9849851728767285,-0.34758003705799795,-0.8195569256244342,-1.0074645321237332,0
2,1,4,19,0,4,1,2,0.2207339104558549,0.22644550017650028,0.741664004325815,0.2786686739290992,-0.010611682496214593,0
4,1,10,1,0,6,0,1,-0.8154842003854972,-0.8292586795732405,-0.5031863286842572,-0.4540268861602275,0.986241167131304,1
2,1,5,21,0,4,1,1,0.013490288287584293,0.050011156776873573,-1.0737427313138737,0.03416424037250481,-0.010611682496214593,0
2,0,5,22,0,2,1,2,0.4279775326241249,0.40229946744652306,-0.14010498155631967,1.6213987070392275,-1.0074645321237332,0
4,1,10,5,0,3,1,2,0.6352211547923955,0.40229946744652306,1.623432990207949,-0.6977135791363653,-0.5090381073099739,0
3,1,9,19,0,3,1,1,1.2569520212972067,1.2815693037966367,0.3785826571978769,-0.20952245260363286,-0.5090381073099739,0
1,0,2,21,0,2,1,2,-1.4372150668903083,-1.444457376953518,1.2603516430800117,-0.4540268861602275,-1.0074645321237332,0
1,0,2,12,0,3,1,1,-1.229971444722038,-1.0927494424134727,-1.4368240784418116,-0.8195569256244342,-0.5090381073099739,0
2,1,6,8,0,2,1,2,-0.090131522796551,-0.03762563879333582,0.741664004325815,0.2786686739290992,-1.0074645321237332,0
2,1,5,23,0,2,1,1,0.6352211547923955,0.6657902302867552,0.5341889488241361,-0.6977135791363653,-1.0074645321237332,0
4,0,11,18,0,2,1,2,-0.5046187671330916,-0.3893335733333813,1.001007823702913,0.8887031469499004,-1.0074645321237332,0
2,1,4,12,1,1,0,1,0.9460865880448014,0.9298613692565912,-0.29571127318257884,0.5223553669052369,-1.5058909569374925,0
1,0,1,22,0,6,0,2,-1.0227278225537677,-0.9168954751434499,-1.0737427313138737,-0.6977135791363653,0.986241167131304,1
3,1,6,2,0,3,1,1,0.3243557215399902,0.3140822957467097,-0.710661384185936,-0.4540268861602275,-0.5090381073099739,0
1,1,3,15,0,4,1,1,1.1533302102130714,1.0174981648268007,-1.5924303700680704,0.2786686739290992,-0.010611682496214593,0
2,0,4,21,0,2,1,2,0.013490288287584293,0.050011156776873573,0.48232018494871637,-0.4540268861602275,-1.0074645321237332,0
2,1,5,3,0,5,1,1,-0.19375333388068602,-0.1258428104931492,-1.1256114951892935,0.7668598004618318,0.48781474231754474,0
1,1,2,9,0,4,1,3,-0.6082405782172269,-0.477550745033195,1.2603516430800117,-1.552252485713761,-0.010611682496214593,0
3,0,8,16,0,5,1,1,1.5678174545496126,1.545060066636869,-0.710661384185936,0.5223553669052369,0.48781474231754474,0
4,1,12,0,0,3,1,1,0.013490288287584293,0.050011156776873573,-0.1919737454317394,0.7668598004618318,-0.5090381073099739,0
3,1,9,9,0,6,0,1,1.0497083991289362,1.1057153365266141,0.5860577126995559,1.6213987070392275,0.986241167131304,1
2,1,4,3,0,4,1,1,-0.9191060114696326,-1.0051126468432632,-0.08823621768089995,0.5223553669052369,-0.010611682496214593,0
4,0,12,13,0,4,1,1,-0.5046187671330916,-0.3893335733333813,-1.1774802590647129,0.2786686739290992,-0.010611682496214593,0
2,0,5,5,0,6,0,1,-0.19375333388068602,-0.1258428104931492,-0.1919737454317394,-0.4540268861602275,0.986241167131304,1
1,0,2,16,0,5,1,1,-1.0227278225537677,-1.0927494424134727,-1.7999054255697489,0.03416424037250481,0.48781474231754474,0
2,1,5,17,0,4,1,1,0.5315993437082602,0.8416441975567779,-1.64429913394349,1.6213987070392275,-0.010611682496214593,0
4,0,10,22,0,0,0,1,-1.0227278225537677,-0.8292586795732405,0.6379264765749756,-1.552252485713761,1.4846675919450634,1
2,0,4,18,1,5,0,2,-0.19375333388068602,-0.1258428104931492,0.22297636557161837,1.6213987070392275,0.48781474231754474,0
4,0,10,18,0,2,1,1,0.2207339104558549,0.22644550017650028,0.06737007394535921,0.7668598004618318,-1.0074645321237332,0
4,0,10,10,0,3,1,3,0.11711209937171958,0.13822832847668692,1.3122204069554313,2.4751198730361663,-0.5090381073099739,0
1,0,12,15,0,5,1,1,-0.40099695604895663,-0.30169677776317194,-0.9700052035630343,-1.552252485713761,0.48781474231754474,0
3,0,8,4,0,0,0,1,0.9460865880448014,0.9298613692565912,1.0528765875783328,0.2786686739290992,1.4846675919450634,1
3,1,7,5,0,0,0,1,1.4641956434654773,1.545060066636869,-0.036367453805480225,-1.552252485713761,1.4846675919450634,1
3,0,9,19,0,1,1,2,0.3243557215399902,0.3140822957467097,0.2748451294470381,-0.6977135791363653,-1.5058909569374925,0
2,0,3,6,0,3,1,2,-1.0227278225537677,-1.0051126468432632,-0.710661384185936,-0.4540268861602275,-0.5090381073099739,0
2,0,5,23,0,5,1,1,-0.2973751449648213,-0.21347960606335856,1.001007823702913,-0.4540268861602275,0.48781474231754474,0
2,1,4,2,0,3,1,1,-0.19375333388068602,-0.1258428104931492,-0.6069238564350966,-1.552252485713761,-0.5090381073099739,0
1,0,12,6,0,3,1,2,-0.7118623893013623,-0.565187540603404,1.2603516430800117,-1.552252485713761,-0.5090381073099739,0
3,0,6,6,0,3,1,1,0.8424647769606661,0.7540074019865686,1.0528765875783328,-1.552252485713761,-0.5090381073099739,0
3,1,7,0,0,2,1,1,1.0497083991289362,1.1057153365266141,0.5860577126995559,-0.4540268861602275,-1.0074645321237332,0
1,1,2,10,0,1,1,1,-1.8517023112268494,-1.8843824831933773,-0.6587926203105163,-0.4540268861602275,-1.5058909569374925,0
3,0,9,10,0,2,1,3,0.3243557215399902,0.3140822957467097,1.3122204069554313,-0.20952245260363286,-1.0074645321237332,0
2,1,4,21,0,3,1,1,0.11711209937171958,0.13822832847668692,-0.5550550925596769,-0.4540268861602275,-0.5090381073099739,0
2,0,5,6,0,3,1,1,-0.19375333388068602,-0.1258428104931492,1.001007823702913,-0.4540268861602275,-0.5090381073099739,0
4,0,10,6,0,3,1,3,0.11711209937171958,0.13822832847668692,1.0528765875783328,0.5223553669052369,-0.5090381073099739,0
2,1,6,21,0,6,0,1,1.2569520212972067,1.0174981648268007,-1.1774802590647129,0.03416424037250481,0.986241167131304,1
4,0,9,4,0,4,1,2,0.5315993437082602,0.40229946744652306,1.3122204069554313,0.03416424037250481,-0.010611682496214593,0
4,1,11,12,1,1,0,1,0.3243557215399902,0.3140822957467097,0.06737007394535921,0.2786686739290992,-1.5058909569374925,0
4,1,10,17,0,6,0,1,-0.19375333388068602,-0.1258428104931492,-1.2812177868155523,-0.20952245260363286,0.986241167131304,1
4,0,12,21,0,5,1,1,-1.0227278225537677,-0.8292586795732405,0.6379264765749756,-1.552252485713761,0.48781474231754474,0
2,1,3,2,0,4,1,1,0.11711209937171958,0.13822832847668692,1.0528765875783328,-0.8195569256244342,-0.010611682496214593,0
4,1,11,12,0,0,0,1,-0.5046187671330916,-0.3893335733333813,-0.036367453805480225,0.7668598004618318,1.4846675919450634,1
3,1,7,15,0,5,1,1,2.1895483210544238,1.9849851728767285,-1.7480366616943295,0.03416424037250481,0.48781474231754474,0
1,0,3,3,0,5,1,1,-0.7118623893013623,-0.7410415078734272,0.43045142107329665,0.03416424037250481,0.48781474231754474,0
4,1,10,23,0,4,1,2,0.2207339104558549,0.22644550017650028,1.0528765875783328,-0.4540268861602275,-0.010611682496214593,0
2,0,4,3,0,5,1,3,-0.8154842003854972,-0.8292586795732405,0.6897952404503953,-0.20952245260363286,0.48781474231754474,0
1,0,2,14,0,6,0,3,-1.4372150668903083,-1.180966614113286,1.9346455734604673,-1.552252485713761,0.986241167131304,1
1,0,2,0,0,4,1,3,-1.8517023112268494,-1.9720192787635866,1.2084828792045919,0.03416424037250481,-0.010611682496214593,0
2,0,4,9,0,6,0,1,-0.2973751449648213,-0.21347960606335856,-0.6069238564350966,1.376894273482633,0.986241167131304,1
3,1,7,8,0,4,1,2,1.0497083991289362,1.1057153365266141,0.5860577126995559,0.5223553669052369,-0.010611682496214593,0
1,0,2,17,0,5,1,1,-0.9191060114696326,-1.180966614113286,-0.710661384185936,4.55054546623562,0.48781474231754474,0
3,0,8,20,0,3,1,1,1.1533302102130714,1.1057153365266141,-0.24384250930715912,0.8887031469499004,-0.5090381073099739,0
1,0,1,0,0,1,1,1,-1.4372150668903083,-1.6203113442235408,-0.9700052035630343,1.376894273482633,-1.5058909569374925,0
4,1,11,20,0,2,1,1,-1.229971444722038,-1.444457376953518,0.6379264765749756,1.1332075805064954,-1.0074645321237332,0
2,1,5,2,0,4,1,1,0.5315993437082602,0.40229946744652306,1.3122204069554313,-1.552252485713761,-0.010611682496214593,0
3,0,9,15,0,2,1,2,0.6352211547923955,0.6657902302867552,0.7935327682012348,-0.6977135791363653,-1.0074645321237332,0
2,1,5,9,0,2,1,2,0.3243557215399902,0.3140822957467097,0.2748451294470381,1.376894273482633,-1.0074645321237332,0
2,1,6,4,0,5,1,1,0.11711209937171958,0.13822832847668692,0.01550131006993949,-1.552252485713761,0.48781474231754474,0
1,0,2,22,0,6,0,1,-1.3335932558061734,-1.2686034096834955,-0.9700052035630343,-0.8195569256244342,0.986241167131304,1
2,0,4,19,0,5,1,3,-0.9191060114696326,-1.0051126468432632,1.57156422633253,0.2786686739290992,0.48781474231754474,0
3,0,6,0,0,3,1,1,0.8424647769606661,0.7540074019865686,0.7935327682012348,0.03416424037250481,-0.5090381073099739,0
2,0,4,22,0,3,1,2,0.6352211547923955,0.48993626301673243,1.3122204069554313,1.1332075805064954,-0.5090381073099739,0
3,1,7,7,0,1,1,3,0.8424647769606661,0.7540074019865686,1.0528765875783328,0.2786686739290992,-1.5058909569374925,0
3,0,9,21,0,6,0,1,0.7388429658765308,0.6657902302867552,0.7935327682012348,-0.8195569256244342,0.986241167131304,1
1,1,12,7,0,6,0,2,-1.229971444722038,-1.3568205813833087,0.3785826571978769,-0.4540268861602275,0.986241167131304,1
2,1,4,20,0,5,1,1,-0.19375333388068602,-0.1258428104931492,-1.64429913394349,0.7668598004618318,0.48781474231754474,0
1,0,2,3,0,2,1,3,-1.1263496336379029,-1.180966614113286,1.57156422633253,-0.20952245260363286,-1.0074645321237332,0
2,0,3,8,0,4,1,2,-1.3335932558061734,-1.444457376953518,1.9346455734604673,0.5223553669052369,-0.010611682496214593,0
1,1,2,18,0,4,1,1,0.2207339104558549,0.22644550017650028,-1.3330865506909721,-0.4540268861602275,-0.010611682496214593,0
2,1,4,23,0,4,1,1,0.013490288287584293,0.050011156776873573,0.01550131006993949,-0.6977135791363653,-0.010611682496214593,0
3,0,7,16,1,1,0,1,1.6714392656337473,1.545060066636869,-1.1256114951892935,-1.552252485713761,-1.5058909569374925,0
4,0,9,23,0,4,1,1,0.11711209937171958,0.13822832847668692,0.741664004325815,-0.6977135791363653,-0.010611682496214593,0
1,1,1,17,0,5,1,2,-1.4372150668903083,-1.2686034096834955,-1.5924303700680704,-0.8195569256244342,0.48781474231754474,0
1,0,2,7,0,1,1,1,-1.644458689058579,-1.3568205813833087,1.2084828792045919,-1.552252485713761,-1.5058909569374925,0
2,0,5,22,0,6,0,3,0.2207339104558549,0.22644550017650028,1.623432990207949,-0.20952245260363286,0.986241167131304,1
2,1,6,6,0,1,1,3,0.11711209937171958,0.13822832847668692,1.3122204069554313,-0.4540268861602275,-1.5058909569374925,0
1,1,1,23,0,1,1,2,-1.1263496336379029,-1.2686034096834955,1.57156422633253,1.1332075805064954,-1.5058909569374925,0
3,1,8,11,0,4,1,1,1.360573832381342,1.1057153365266141,-1.3330865506909721,-0.8195569256244342,-0.010611682496214593,0
3,0,7,2,0,1,1,1,0.8424647769606661,0.7540074019865686,1.0528765875783328,0.2786686739290992,-1.5058909569374925,0
4,1,11,20,0,6,0,2,-0.8154842003854972,-0.7410415078734272,0.17110760169619865,-0.8195569256244342,0.986241167131304,1
4,0,11,20,1,4,0,1,-0.7118623893013623,-0.7410415078734272,0.6897952404503953,-0.20952245260363286,-0.010611682496214593,0
1,0,3,14,0,1,1,1,-0.9191060114696326,-1.0927494424134727,-1.3849553145663918,1.8650854000153652,-1.5058909569374925,0
4,1,11,11,0,6,0,1,-0.5046187671330916,-0.3893335733333813,-0.24384250930715912,-0.6977135791363653,0.986241167131304,1
2,1,6,23,0,3,1,1,1.4641956434654773,1.545060066636869,-0.1919737454317394,-0.6977135791363653,-0.5090381073099739,0
1,0,2,5,0,2,1,1,-1.4372150668903083,-1.7085285159233545,-1.5924303700680704,2.2314331800600287,-1.0074645321237332,0
2,0,6,2,0,3,1,1,1.0497083991289362,1.1057153365266141,0.8454015320766545,-0.20952245260363286,-0.5090381073099739,0
1,1,2,3,0,2,1,1,-0.5046187671330916,-0.3893335733333813,-1.5924303700680704,1.376894273482633,-1.0074645321237332,0
2,0,4,21,0,4,1,2,-0.2973751449648213,-0.21347960606335856,0.22297636557161837,0.7668598004618318,-0.010611682496214593,0
4,0,10,12,0,2,1,1,0.3243557215399902,0.3140822957467097,-0.34758003705799795,0.8887031469499004,-1.0074645321237332,0
1,0,2,7,0,5,1,1,-2.162567744479255,-1.796165311493564,0.5341889488241361,-1.552252485713761,0.48781474231754474,0
4,1,12,21,0,1,1,2,-0.40099695604895663,-0.30169677776317194,1.623432990207949,-0.4540268861602275,-1.5058909569374925,0
4,0,10,15,0,5,1,1,0.6352211547923955,0.8416441975567779,-1.021873967438454,0.7668598004618318,0.48781474231754474,0
3,0,8,7,0,2,1,1,1.1533302102130714,1.1057153365266141,-0.08823621768089995,0.7668598004618318,-1.0074645321237332,0
3,0,9,2,0,2,1,2,0.2207339104558549,0.22644550017650028,1.3122204069554313,-0.20952245260363286,-1.0074645321237332,0
3,1,7,8,0,6,0,1,1.6714392656337473,2.072621968446938,0.01550131006993949,0.03416424037250481,0.986241167131304,1
2,1,4,6,0,4,1,1,-1.0227278225537677,-1.0927494424134727,0.11923883782077893,0.5223553669052369,-0.010611682496214593,0
2,1,5,8,0,2,1,2,0.11711209937171958,0.13822832847668692,1.623432990207949,0.7668598004618318,-1.0074645321237332,0
4,0,11,22,0,3,1,1,-0.7118623893013623,-0.7410415078734272,0.43045142107329665,-0.4540268861602275,-0.5090381073099739,0
3,0,7,22,0,6,0,1,1.5678174545496126,1.7209140339068922,-0.1919737454317394,0.03416424037250481,0.986241167131304,1
2,0,3,17,0,3,1,2,-0.5046187671330916,-0.3893335733333813,0.6897952404503953,0.2786686739290992,-0.5090381073099739,0
1,0,3,12,0,4,1,1,-1.4372150668903083,-1.444457376953518,-1.9555117171960081,-0.4540268861602275,-0.010611682496214593,0
3,0,8,12,0,2,1,1,1.1533302102130714,1.0174981648268007,-1.3330865506909721,-1.552252485713761,-1.0074645321237332,0
1,1,3,12,0,0,0,1,-0.8154842003854972,-1.0051126468432632,-1.0737427313138737,1.376894273482633,1.4846675919450634,1
3,1,9,12,0,6,0,1,0.8424647769606661,0.8416441975567779,-1.3849553145663918,1.376894273482633,0.986241167131304,1
4,0,12,15,0,4,1,1,-0.5046187671330916,-0.3893335733333813,-1.1774802590647129,0.2786686739290992,-0.010611682496214593,0
1,1,2,7,0,4,1,1,-0.7118623893013623,-0.7410415078734272,0.9491390598274939,0.2786686739290992,-0.010611682496214593,0
3,1,7,15,0,0,0,1,1.8786828878020179,1.896768001176915,-0.8143989119367755,-0.4540268861602275,1.4846675919450634,1
3,1,9,22,0,3,1,1,0.3243557215399902,0.3140822957467097,0.06737007394535921,-0.8195569256244342,-0.5090381073099739,0
2,1,6,16,0,6,0,1,1.6714392656337473,1.2815693037966367,-2.007380481071428,0.03416424037250481,0.986241167131304,1
3,0,8,19,0,4,1,1,0.8424647769606661,0.7540074019865686,1.0528765875783328,-0.6977135791363653,-0.010611682496214593,0
3,0,6,0,0,4,1,1,0.8424647769606661,0.8416441975567779,-0.6587926203105163,-0.20952245260363286,-0.010611682496214593,0
4,0,11,13,0,5,1,1,-0.8154842003854972,-0.9168954751434499,-1.64429913394349,0.2786686739290992,0.48781474231754474,0
3,1,8,10,0,3,1,1,1.1533302102130714,1.1933521320968234,0.17110760169619865,-0.8195569256244342,-0.5090381073099739,0
1,1,3,1,0,4,1,1,0.013490288287584293,0.050011156776873573,-0.1919737454317394,-0.6977135791363653,-0.010611682496214593,0
4,1,9,9,0,3,1,1,0.5315993437082602,0.7540074019865686,0.06737007394535921,0.03416424037250481,-0.5090381073099739,0
2,1,5,5,0,6,0,1,-0.19375333388068602,-0.1258428104931492,0.22297636557161837,-1.552252485713761,0.986241167131304,1
3,1,7,16,0,6,0,1,1.8786828878020179,1.7209140339068922,-1.2293490229401327,0.2786686739290992,0.986241167131304,1
4,1,12,13,0,0,0,2,-0.6082405782172269,-0.477550745033195,1.2603516430800117,0.7668598004618318,1.4846675919450634,1
2,0,6,18,0,0,0,2,1.2569520212972067,1.1933521320968234,-0.24384250930715912,-0.8195569256244342,1.4846675919450634,1
4,0,12,18,0,5,1,1,-0.8154842003854972,-0.6534047123032177,-0.08823621768089995,-1.552252485713761,0.48781474231754474,0
1,0,1,20,0,2,1,1,-1.3335932558061734,-1.2686034096834955,-0.7625301480613558,-0.6977135791363653,-1.0074645321237332,0
3,1,7,13,0,2,1,1,1.5678174545496126,1.633277238336683,-0.39944880093341767,0.7668598004618318,-1.0074645321237332,0
3,1,8,20,0,1,1,1,1.2569520212972067,1.2815693037966367,0.3785826571978769,0.03416424037250481,-1.5058909569374925,0
2,0,4,13,0,1,1,2,0.7388429658765308,0.7540074019865686,0.3267138933224572,1.8650854000153652,-1.5058909569374925,0
2,1,3,4,0,0,0,2,-0.40099695604895663,-0.30169677776317194,1.623432990207949,1.1332075805064954,1.4846675919450634,1
1,0,12,12,0,2,1,3,-1.0227278225537677,-0.9168954751434499,0.9491390598274939,-0.8195569256244342,-1.0074645321237332,0
1,0,1,11,0,1,1,1,-2.0589459333951194,-2.0602364504634,-0.8662676758121949,-0.4540268861602275,-1.5058909569374925,0
1,1,2,9,0,1,1,1,-1.9553241223109845,-1.9720192787635866,-0.6587926203105163,0.03416424037250481,-1.5058909569374925,0
3,0,6,15,0,5,1,1,1.6714392656337473,1.4574232710666595,-1.488692842317231,1.6213987070392275,0.48781474231754474,0
2,0,6,8,0,3,1,1,1.360573832381342,1.3692060993668462,-0.24384250930715912,-0.20952245260363286,-0.5090381073099739,0
3,0,8,1,0,3,1,1,0.7388429658765308,0.7540074019865686,0.5341889488241361,-0.20952245260363286,-0.5090381073099739,0
3,0,8,16,0,5,1,1,1.4641956434654773,1.545060066636869,-0.036367453805480225,-0.6977135791363653,0.48781474231754474,0
4,1,10,23,0,5,1,1,0.4279775326241249,0.40229946744652306,0.7935327682012348,0.2786686739290992,0.48781474231754474,0
2,1,3,14,0,2,1,1,-0.5046187671330916,-0.3893335733333813,-2.007380481071428,-0.4540268861602275,-1.0074645321237332,0
4,1,11,15,0,2,1,1,-0.5046187671330916,-0.3893335733333813,-1.1774802590647129,0.8887031469499004,-1.0074645321237332,0
2,1,3,13,0,4,1,1,0.4279775326241249,0.40229946744652306,0.7935327682012348,-0.8195569256244342,-0.010611682496214593,0
2,1,6,12,0,1,1,1,0.7388429658765308,0.8416441975567779,-1.1256114951892935,2.1095898335719596,-1.5058909569374925,0
2,0,5,13,0,4,1,2,0.6352211547923955,0.8416441975567779,-0.29571127318257884,0.8887031469499004,-0.010611682496214593,0
2,1,6,14,0,3,1,1,0.7388429658765308,0.8416441975567779,-1.2812177868155523,-1.552252485713761,-0.5090381073099739,0
3,0,7,23,1,1,0,2,1.1533302102130714,1.1933521320968234,0.3785826571978769,-0.6977135791363653,-1.5058909569374925,0
4,0,9,4,0,5,1,1,0.11711209937171958,0.13822832847668692,1.0528765875783328,0.03416424037250481,0.48781474231754474,0
4,0,11,16,0,2,1,1,-0.090131522796551,-0.03762563879333582,-0.9700052035630343,-0.20952245260363286,-1.0074645321237332,0
3,0,8,14,0,1,1,1,1.0497083991289362,0.9298613692565912,-1.0737427313138737,-1.552252485713761,-1.5058909569374925,0
4,1,10,13,0,4,1,1,0.013490288287584293,0.050011156776873573,-1.64429913394349,-0.6977135791363653,-0.010611682496214593,0
1,0,12,19,0,5,1,1,-0.8154842003854972,-0.8292586795732405,-0.5031863286842572,0.03416424037250481,0.48781474231754474,0
1,1,1,8,0,3,1,1,-2.4734331777316605,-2.4119443850034457,-0.9700052035630343,-0.4540268861602275,-0.5090381073099739,0
2,0,3,11,0,4,1,3,-1.1263496336379029,-1.180966614113286,1.57156422633253,0.03416424037250481,-0.010611682496214593,0
4,1,10,7,0,5,1,1,0.11711209937171958,0.13822832847668692,1.0528765875783328,-0.6977135791363653,0.48781474231754474,0
1,1,2,19,0,5,1,1,-0.8154842003854972,-0.7410415078734272,-0.710661384185936,-0.6977135791363653,0.48781474231754474,0
2,1,4,7,0,4,1,1,-0.8154842003854972,-0.8292586795732405,-0.710661384185936,0.03416424037250481,-0.010611682496214593,0
2,1,5,15,0,4,1,1,1.2569520212972067,1.1933521320968234,-0.39944880093341767,0.5223553669052369,-0.010611682496214593,0
4,0,9,10,0,5,1,1,0.5315993437082602,0.7540074019865686,0.06737007394535921,-1.552252485713761,0.48781474231754474,0
1,1,3,7,0,4,1,2,-0.2973751449648213,-0.21347960606335856,1.623432990207949,-0.4540268861602275,-0.010611682496214593,0
2,0,6,9,0,1,1,1,0.6352211547923955,0.8416441975567779,-0.8662676758121949,1.376894273482633,-1.5058909569374925,0
3,0,8,10,0,0,0,1,1.0497083991289362,1.0174981648268007,-0.08823621768089995,3.451502126101631,1.4846675919450634,1
1,0,1,11,0,0,0,1,-1.7480805001427142,-2.0602364504634,-1.1774802590647129,2.7196243065927606,1.4846675919450634,1
2,1,6,17,0,6,0,2,1.1533302102130714,1.0174981648268007,-1.3330865506909721,0.5223553669052369,0.986241167131304,1
2,1,6,20,0,3,1,1,0.9460865880448014,0.9298613692565912,-1.3849553145663918,1.8650854000153652,-0.5090381073099739,0
4,0,11,7,0,1,1,2,-0.19375333388068602,-0.1258428104931492,1.623432990207949,-0.20952245260363286,-1.5058909569374925,0
4,0,11,11,1,5,0,1,-0.8154842003854972,-1.0927494424134727,-1.0737427313138737,2.4751198730361663,0.48781474231754474,0
1,1,2,21,0,4,1,1,-0.2973751449648213,-0.21347960606335856,-0.6069238564350966,0.2786686739290992,-0.010611682496214593,0
3,0,8,5,0,1,1,1,0.8424647769606661,0.7540074019865686,1.0528765875783328,-0.6977135791363653,-1.5058909569374925,0
3,0,8,20,0,1,1,1,1.5678174545496126,1.633277238336683,-0.39944880093341767,-1.552252485713761,-1.5058909569374925,0
2,1,6,17,0,1,1,1,0.7388429658765308,0.8416441975567779,-1.2812177868155523,2.1095898335719596,-1.5058909569374925,0
3,0,8,7,0,3,1,2,1.2569520212972067,1.1057153365266141,-0.6069238564350966,0.2786686739290992,-0.5090381073099739,0
2,0,6,3,0,1,1,1,0.5315993437082602,0.7540074019865686,-0.14010498155631967,2.4751198730361663,-1.5058909569374925,0
4,1,11,22,0,1,1,1,-0.8154842003854972,-0.7410415078734272,0.17110760169619865,-0.6977135791363653,-1.5058909569374925,0
4,0,11,17,0,1,1,1,0.6352211547923955,0.8416441975567779,-0.8662676758121949,0.5223553669052369,-1.5058909569374925,0
4,0,11,20,0,1,1,2,0.2207339104558549,0.22644550017650028,0.5341889488241361,0.5223553669052369,-1.5058909569374925,0
2,1,5,4,0,4,1,2,0.5315993437082602,0.40229946744652306,1.3122204069554313,-0.20952245260363286,-0.010611682496214593,0
3,0,9,5,0,2,1,1,0.3243557215399902,0.3140822957467097,1.3122204069554313,-1.552252485713761,-1.0074645321237332,0
3,1,7,9,1,3,0,1,1.360573832381342,1.2815693037966367,-0.5550550925596769,-1.552252485713761,-0.5090381073099739,0
4,1,11,5,0,2,1,2,-1.0227278225537677,-1.0927494424134727,0.9491390598274939,0.2786686739290992,-1.0074645321237332,0
1,1,3,14,0,2,1,1,-0.9191060114696326,-1.0051126468432632,-1.3849553145663918,0.2786686739290992,-1.0074645321237332,0
1,1,1,4,0,5,1,1,-1.4372150668903083,-1.3568205813833087,-0.14010498155631967,-0.6977135791363653,0.48781474231754474,0
3,1,7,6,0,2,1,2,0.9460865880448014,0.9298613692565912,0.8454015320766545,-0.6977135791363653,-1.0074645321237332,0
3,0,7,6,0,2,1,2,1.1533302102130714,1.2815693037966367,0.5860577126995559,-0.6977135791363653,-1.0074645321237332,0
4,1,12,3,0,4,1,1,-1.4372150668903083,-1.444457376953518,-0.39944880093341767,0.03416424037250481,-0.010611682496214593,0
1,0,1,8,0,3,1,1,-1.5408368779744437,-1.7085285159233545,-1.1774802590647129,0.8887031469499004,-0.5090381073099739,0
2,1,4,0,0,3,1,1,-0.090131522796551,-0.03762563879333582,-0.7625301480613558,-1.552252485713761,-0.5090381073099739,0
4,1,12,14,0,3,1,1,-0.40099695604895663,-0.30169677776317194,-0.6587926203105163,0.03416424037250481,-0.5090381073099739,0
3,1,9,14,0,3,1,1,1.0497083991289362,0.9298613692565912,-1.3330865506909721,-0.20952245260363286,-0.5090381073099739,0
2,1,5,6,0,1,1,3,0.3243557215399902,0.3140822957467097,1.3122204069554313,0.8887031469499004,-1.5058909569374925,0
4,0,10,6,0,1,1,1,0.013490288287584293,0.050011156776873573,-0.39944880093341767,0.5223553669052369,-1.5058909569374925,0
3,1,7,6,0,4,1,1,1.1533302102130714,1.1057153365266141,-0.24384250930715912,-1.552252485713761,-0.010611682496214593,0
1,0,2,11,0,6,0,1,-0.2973751449648213,-0.21347960606335856,-2.422330592074785,3.207815433125493,0.986241167131304,1
2,0,4,15,0,5,1,3,-0.8154842003854972,-0.9168954751434499,1.2603516430800117,0.2786686739290992,0.48781474231754474,0
3,0,7,7,0,4,1,2,0.8424647769606661,0.6657902302867552,1.3640891708308511,-0.6977135791363653,-0.010611682496214593,0
1,0,3,8,0,6,0,1,-0.40099695604895663,-0.30169677776317194,-0.8143989119367755,2.4751198730361663,0.986241167131304,1
2,1,4,6,0,5,1,1,-0.5046187671330916,-0.3893335733333813,-1.021873967438454,0.5223553669052369,0.48781474231754474,0
3,0,9,0,0,2,1,2,0.3243557215399902,0.3140822957467097,0.5341889488241361,-0.20952245260363286,-1.0074645321237332,0
4,0,12,15,0,1,1,2,-0.19375333388068602,-0.1258428104931492,0.48232018494871637,-0.8195569256244342,-1.5058909569374925,0
3,1,7,10,0,1,1,1,1.5678174545496126,1.4574232710666595,-1.021873967438454,0.5223553669052369,-1.5058909569374925,0
3,1,9,18,0,4,1,1,0.9460865880448014,0.9298613692565912,-0.29571127318257884,0.5223553669052369,-0.010611682496214593,0
2,0,5,4,0,3,1,3,-0.6082405782172269,-0.477550745033195,1.623432990207949,1.1332075805064954,-0.5090381073099739,0
2,1,5,23,0,3,1,1,0.5315993437082602,0.48993626301673243,1.0528765875783328,-0.4540268861602275,-0.5090381073099739,0
4,0,12,4,0,4,1,1,-1.229971444722038,-1.3568205813833087,-0.34758003705799795,0.7668598004618318,-0.010611682496214593,0
1,1,3,6,0,4,1,2,-0.40099695604895663,-0.30169677776317194,1.623432990207949,-1.552252485713761,-0.010611682496214593,0
2,0,5,2,1,1,0,1,0.7388429658765308,0.48993626301673243,1.623432990207949,0.03416424037250481,-1.5058909569374925,0
3,0,9,3,0,6,0,1,-0.19375333388068602,-0.1258428104931492,0.48232018494871637,-0.4540268861602275,0.986241167131304,1
4,1,12,12,0,2,1,3,-0.090131522796551,-0.03762563879333582,-0.7625301480613558,0.5223553669052369,-1.0074645321237332,0
2,0,3,14,0,2,1,1,-0.7118623893013623,-0.8292586795732405,-1.9555117171960081,0.5223553669052369,-1.0074645321237332,0
1,0,2,8,0,4,1,1,-2.0589459333951194,-2.3237272133036324,-0.710661384185936,1.1332075805064954,-0.010611682496214593,0
3,1,9,14,0,6,0,2,1.8786828878020179,1.8091312056067057,-0.9700052035630343,-0.20952245260363286,0.986241167131304,1
1,1,12,9,0,6,0,1,-1.229971444722038,-1.444457376953518,-0.7625301480613558,1.6213987070392275,0.986241167131304,1
3,0,9,17,0,2,1,2,0.2207339104558549,0.22644550017650028,1.3122204069554313,1.6213987070392275,-1.0074645321237332,0
3,0,7,21,0,2,1,1,1.4641956434654773,1.3692060993668462,-0.710661384185936,0.2786686739290992,-1.0074645321237332,0
3,0,7,1,0,5,1,1,1.5678174545496126,1.8091312056067057,0.01550131006993949,-1.552252485713761,0.48781474231754474,0
2,1,4,20,0,0,0,3,-0.7118623893013623,-0.8292586795732405,1.57156422633253,1.8650854000153652,1.4846675919450634,1
2,1,5,20,0,3,1,2,0.2207339104558549,0.22644550017650028,-0.14010498155631967,-0.4540268861602275,-0.5090381073099739,0
2,1,4,20,0,6,0,3,0.013490288287584293,0.050011156776873573,1.001007823702913,0.8887031469499004,0.986241167131304,1
2,0,6,23,0,5,1,1,0.4279775326241249,0.40229946744652306,-0.8662676758121949,-0.6977135791363653,0.48781474231754474,0
1,1,1,11,0,4,1,2,-0.8154842003854972,-0.7410415078734272,0.9491390598274939,-0.6977135791363653,-0.010611682496214593,0
1,0,12,0,0,3,1,1,-0.9191060114696326,-0.9168954751434499,1.2603516430800117,-0.20952245260363286,-0.5090381073099739,0
1,1,3,11,0,4,1,1,0.3243557215399902,0.3140822957467097,-0.14010498155631967,-0.4540268861602275,-0.010611682496214593,0
2,0,5,10,0,1,1,2,0.2207339104558549,0.22644550017650028,0.741664004325815,0.2786686739290992,-1.5058909569374925,0
3,1,6,4,0,1,1,1,0.8424647769606661,0.7540074019865686,0.7935327682012348,0.5223553669052369,-1.5058909569374925,0
1,0,12,16,0,0,0,1,-0.7118623893013623,-0.6534047123032177,-0.29571127318257884,-0.6977135791363653,1.4846675919450634,1
2,1,6,12,0,5,1,2,1.0497083991289362,1.1057153365266141,0.5860577126995559,1.376894273482633,0.48781474231754474,0
2,0,4,4,0,2,1,2,0.3243557215399902,0.3140822957467097,0.06737007394535921,-0.4540268861602275,-1.0074645321237332,0
1,1,3,16,0,0,0,1,0.013490288287584293,0.050011156776873573,-1.64429913394349,1.376894273482633,1.4846675919450634,1
4,0,10,10,0,2,1,2,0.5315993437082602,0.6657902302867552,0.3267138933224572,-0.4540268861602275,-1.0074645321237332,0
3,1,6,19,0,2,1,1,1.1533302102130714,1.0174981648268007,-1.7999054255697489,0.2786686739290992,-1.0074645321237332,0
2,1,4,9,0,6,0,1,-0.40099695604895663,-0.30169677776317194,-0.4513175648088374,-0.4540268861602275,0.986241167131304,1
3,0,8,12,0,2,1,1,1.6714392656337473,1.8091312056067057,-0.34758003705799795,0.03416424037250481,-1.0074645321237332,0
2,0,5,3,0,4,1,1,-0.2973751449648213,-0.21347960606335856,1.3122204069554313,-0.4540268861602275,-0.010611682496214593,0
1,1,2,17,0,1,1,1,0.2207339104558549,0.22644550017650028,-2.007380481071428,2.1095898335719596,-1.5058909569374925,0
2,0,5,22,0,5,1,1,-0.19375333388068602,-0.1258428104931492,0.48232018494871637,0.2786686739290992,0.48781474231754474,0
1,1,2,2,0,4,1,2,-0.2973751449648213,-0.21347960606335856,-0.036367453805480225,0.2786686739290992,-0.010611682496214593,0
3,0,9,20,0,0,0,1,1.2569520212972067,1.2815693037966367,0.3785826571978769,0.8887031469499004,1.4846675919450634,1
3,0,7,16,0,4,1,1,1.8786828878020179,1.7209140339068922,-1.2293490229401327,0.2786686739290992,-0.010611682496214593,0
3,1,6,14,0,0,0,1,1.7750610767178827,1.4574232710666595,-1.6961678978189099,0.8887031469499004,1.4846675919450634,1
1,1,2,7,0,1,1,1,-1.7480805001427142,-1.7085285159233545,1.2084828792045919,-0.6977135791363653,-1.5058909569374925,0
4,0,11,9,0,3,1,2,0.11711209937171958,0.13822832847668692,1.623432990207949,0.03416424037250481,-0.5090381073099739,0
4,0,10,14,1,1,0,1,1.2569520212972067,1.0174981648268007,-1.3330865506909721,-1.552252485713761,-1.5058909569374925,0
2,0,4,18,0,6,0,2,0.013490288287584293,0.050011156776873573,1.623432990207949,1.6213987070392275,0.986241167131304,1
1,1,2,1,0,4,1,2,-0.2973751449648213,-0.21347960606335856,-0.24384250930715912,0.7668598004618318,-0.010611682496214593,0
1,0,3,21,0,5,1,2,-1.0227278225537677,-1.0927494424134727,-0.5550550925596769,0.5223553669052369,0.48781474231754474,0
3,1,9,8,0,4,1,3,1.0497083991289362,1.1057153365266141,0.8454015320766545,-1.552252485713761,-0.010611682496214593,0
2,0,5,21,0,5,1,1,0.3243557215399902,0.3140822957467097,0.06737007394535921,-0.6977135791363653,0.48781474231754474,0
3,0,7,1,0,2,1,1,1.0497083991289362,1.0174981648268007,0.11923883782077893,-0.6977135791363653,-1.0074645321237332,0
3,0,9,9,0,5,1,3,0.6352211547923955,0.40229946744652306,1.623432990207949,-0.20952245260363286,0.48781474231754474,0
1,1,12,22,0,5,1,2,-1.3335932558061734,-1.2686034096834955,0.3785826571978769,-0.8195569256244342,0.48781474231754474,0
4,1,12,15,0,1,1,2,-0.40099695604895663,-0.30169677776317194,1.3122204069554313,-1.552252485713761,-1.5058909569374925,0
2,0,5,4,0,6,0,1,0.3243557215399902,0.3140822957467097,1.3122204069554313,0.5223553669052369,0.986241167131304,1
3,1,9,0,0,2,1,1,0.11711209937171958,0.13822832847668692,-0.1919737454317394,-0.6977135791363653,-1.0074645321237332,0
2,0,4,21,0,0,0,2,-0.40099695604895663,-0.30169677776317194,-0.9700052035630343,0.2786686739290992,1.4846675919450634,1
1,0,1,0,0,1,1,2,-1.3335932558061734,-1.444457376953518,0.11923883782077893,0.2786686739290992,-1.5058909569374925,0
1,0,1,3,0,6,0,2,-1.7480805001427142,-1.444457376953518,-0.1919737454317394,-1.552252485713761,0.986241167131304,1
1,0,1,5,0,1,1,1,-1.7480805001427142,-1.9720192787635866,-0.8143989119367755,0.7668598004618318,-1.5058909569374925,0
2,0,6,0,0,6,0,1,0.6352211547923955,0.48993626301673243,1.3122204069554313,-0.4540268861602275,0.986241167131304,1
1,1,2,5,0,4,1,2,-1.0227278225537677,-0.8292586795732405,0.3785826571978769,-1.552252485713761,-0.010611682496214593,0
1,1,1,21,0,6,0,1,-1.644458689058579,-1.8843824831933773,0.5860577126995559,1.1332075805064954,0.986241167131304,1
3,0,8,23,0,5,1,1,1.0497083991289362,1.1057153365266141,1.1047453514537524,-0.8195569256244342,0.48781474231754474,0
4,0,11,10,0,5,1,2,-0.40099695604895663,-0.30169677776317194,0.43045142107329665,1.1332075805064954,0.48781474231754474,0
1,1,1,10,0,0,0,2,-1.7480805001427142,-1.9720192787635866,0.5860577126995559,0.7668598004618318,1.4846675919450634,1
4,1,12,0,0,3,1,1,-1.0227278225537677,-1.0051126468432632,-0.5550550925596769,-0.20952245260363286,-0.5090381073099739,0
2,0,5,1,0,5,1,1,1.0497083991289362,1.0174981648268007,-0.24384250930715912,0.8887031469499004,0.48781474231754474,0
3,0,7,3,0,3,1,1,1.0497083991289362,1.1057153365266141,0.8454015320766545,-1.552252485713761,-0.5090381073099739,0
3,1,7,14,0,2,1,1,2.2931701321385587,2.072621968446938,-1.7480366616943295,0.5223553669052369,-1.0074645321237332,0
2,1,3,11,0,2,1,1,-1.0227278225537677,-1.0051126468432632,-1.64429913394349,-0.20952245260363286,-1.0074645321237332,0
2,1,4,11,0,1,1,2,-0.9191060114696326,-1.0927494424134727,0.3785826571978769,1.376894273482633,-1.5058909569374925,0
1,0,1,17,0,0,0,1,-1.0227278225537677,-1.0927494424134727,-0.34758003705799795,0.03416424037250481,1.4846675919450634,1
1,1,12,4,0,3,1,1,-1.4372150668903083,-1.6203113442235408,0.3267138933224572,1.376894273482633,-0.5090381073099739,0
2,0,3,8,0,2,1,1,-1.3335932558061734,-1.5326745486533315,-1.4368240784418116,1.376894273482633,-1.0074645321237332,0
3,1,9,2,0,4,1,1,0.2207339104558549,0.22644550017650028,0.741664004325815,-1.552252485713761,-0.010611682496214593,0
1,0,12,3,0,0,0,1,-1.4372150668903083,-1.180966614113286,0.48232018494871637,-1.552252485713761,1.4846675919450634,1
1,0,1,15,1,1,0,2,-1.5408368779744437,-1.5326745486533315,-0.8143989119367755,-0.20952245260363286,-1.5058909569374925,0
2,0,6,4,0,6,0,1,0.5315993437082602,0.40229946744652306,1.3122204069554313,-0.8195569256244342,0.986241167131304,1
3,1,9,18,0,3,1,1,0.4279775326241249,0.40229946744652306,-1.1774802590647129,0.7668598004618318,-0.5090381073099739,0
1,0,2,19,0,2,1,1,-1.1263496336379029,-1.0927494424134727,-1.9036429533205883,-0.4540268861602275,-1.0074645321237332,0
2,0,5,19,0,2,1,1,0.5315993437082602,0.6657902302867552,0.3267138933224572,0.5223553669052369,-1.0074645321237332,0
2,0,4,4,0,6,0,1,-1.3335932558061734,-1.3568205813833087,0.3785826571978769,-0.20952245260363286,0.986241167131304,1
1,1,1,19,0,3,1,3,-0.9191060114696326,-1.0051126468432632,1.57156422633253,0.2786686739290992,-0.5090381073099739,0
1,1,2,19,0,2,1,2,-0.7118623893013623,-0.7410415078734272,-0.6587926203105163,-0.20952245260363286,-1.0074645321237332,0
4,0,9,11,0,2,1,2,0.8424647769606661,0.6657902302867552,1.3640891708308511,-0.6977135791363653,-1.0074645321237332,0
3,1,7,13,0,6,0,2,2.3967919432226936,2.248475935716961,-1.64429913394349,0.5223553669052369,0.986241167131304,1
4,1,11,3,0,2,1,1,-1.4372150668903083,-1.3568205813833087,0.06737007394535921,-0.6977135791363653,-1.0074645321237332,0
4,1,12,18,0,3,1,2,-0.9191060114696326,-1.0051126468432632,-0.710661384185936,0.2786686739290992,-0.5090381073099739,0
3,1,7,2,0,1,1,1,0.9460865880448014,0.9298613692565912,0.5860577126995559,-1.552252485713761,-1.5058909569374925,0
2,0,4,6,0,3,1,3,-0.6082405782172269,-0.477550745033195,1.623432990207949,0.2786686739290992,-0.5090381073099739,0
2,0,6,16,0,3,1,1,1.8786828878020179,1.896768001176915,-0.8143989119367755,0.8887031469499004,-0.5090381073099739,0
4,1,12,15,0,6,0,1,-0.40099695604895663,-0.30169677776317194,-0.8143989119367755,-1.552252485713761,0.986241167131304,1
4,0,12,1,0,6,0,2,-1.0227278225537677,-1.0927494424134727,-0.5550550925596769,0.5223553669052369,0.986241167131304,1
4,0,11,16,0,4,1,1,0.11711209937171958,0.13822832847668692,-0.7625301480613558,0.03416424037250481,-0.010611682496214593,0
4,1,11,14,0,4,1,2,-0.5046187671330916,-0.3893335733333813,-0.6587926203105163,0.2786686739290992,-0.010611682496214593,0
1,0,1,6,0,3,1,1,-1.9553241223109845,-1.8843824831933773,1.57156422633253,-0.4540268861602275,-0.5090381073099739,0
3,1,8,15,0,0,0,3,0.7388429658765308,0.5781534347165458,1.3640891708308511,0.7668598004618318,1.4846675919450634,1
2,0,5,7,0,6,0,3,-0.090131522796551,-0.03762563879333582,1.9346455734604673,-1.552252485713761,0.986241167131304,1
4,1,10,0,0,5,1,1,0.3243557215399902,0.3140822957467097,0.5341889488241361,-1.552252485713761,0.48781474231754474,0
1,1,1,6,1,1,0,1,-1.229971444722038,-1.444457376953518,-1.1256114951892935,1.6213987070392275,-1.5058909569374925,0
3,1,7,11,1,3,0,1,1.6714392656337473,1.633277238336683,-0.8662676758121949,-0.4540268861602275,-0.5090381073099739,0
3,1,8,7,0,4,1,2,0.6352211547923955,0.5781534347165458,1.0528765875783328,-0.8195569256244342,-0.010611682496214593,0
1,1,12,7,0,0,0,1,-1.3335932558061734,-1.5326745486533315,-0.34758003705799795,1.376894273482633,1.4846675919450634,1
2,1,4,4,0,6,0,1,-0.8154842003854972,-0.8292586795732405,-0.710661384185936,-0.20952245260363286,0.986241167131304,1
3,1,7,6,0,1,1,1,0.9460865880448014,0.9298613692565912,0.8454015320766545,-0.4540268861602275,-1.5058909569374925,0
3,0,7,15,0,6,0,1,1.8786828878020179,1.4574232710666595,-2.266724300448526,-0.20952245260363286,0.986241167131304,1
3,0,7,19,0,4,1,1,1.6714392656337473,1.7209140339068922,-0.5550550925596769,0.7668598004618318,-0.010611682496214593,0
4,1,9,17,0,0,0,1,0.6352211547923955,0.8416441975567779,-1.4368240784418116,0.7668598004618318,1.4846675919450634,1
3,1,8,3,0,6,0,1,0.6352211547923955,0.48993626301673243,1.3122204069554313,0.03416424037250481,0.986241167131304,1
3,0,8,0,0,0,0,1,1.0497083991289362,1.1057153365266141,0.5860577126995559,0.03416424037250481,1.4846675919450634,1
1,1,2,5,0,3,1,1,-0.5046187671330916,-0.3893335733333813,-0.6587926203105163,-0.20952245260363286,-0.5090381073099739,0
3,1,8,10,0,3,1,2,1.1533302102130714,1.1933521320968234,-0.036367453805480225,0.03416424037250481,-0.5090381073099739,0
3,1,8,22,0,1,1,1,1.1533302102130714,1.1933521320968234,-0.036367453805480225,1.1332075805064954,-1.5058909569374925,0
3,1,7,19,0,6,0,1,0.9460865880448014,0.9298613692565912,1.0528765875783328,-1.552252485713761,0.986241167131304,1
2,0,4,21,0,0,0,1,0.013490288287584293,0.050011156776873573,-1.0737427313138737,0.03416424037250481,1.4846675919450634,1
3,0,7,18,0,5,1,1,1.1533302102130714,1.0174981648268007,-0.9181364396876146,0.2786686739290992,0.48781474231754474,0
1,0,1,22,0,5,1,2,-1.7480805001427142,-1.444457376953518,0.3267138933224572,-1.552252485713761,0.48781474231754474,0
2,1,5,17,0,1,1,2,0.8424647769606661,0.8416441975567779,0.3267138933224572,0.5223553669052369,-1.5058909569374925,0
4,0,10,12,0,3,1,1,0.6352211547923955,0.8416441975567779,-1.021873967438454,1.1332075805064954,-0.5090381073099739,0
4,0,10,8,0,5,1,2,0.3243557215399902,0.3140822957467097,1.4159579347062707,-0.20952245260363286,0.48781474231754474,0
2,1,4,12,0,5,1,1,0.4279775326241249,0.40229946744652306,-0.5031863286842572,0.03416424037250481,0.48781474231754474,0
3,1,9,6,0,2,1,2,0.7388429658765308,0.5781534347165458,1.3640891708308511,1.1332075805064954,-1.0074645321237332,0
3,0,7,19,0,0,0,1,1.360573832381342,1.2815693037966367,-0.39944880093341767,0.7668598004618318,1.4846675919450634,1
1,1,3,11,0,2,1,1,0.2207339104558549,0.22644550017650028,0.5341889488241361,0.7668598004618318,-1.0074645321237332,0
2,1,5,10,0,4,1,1,0.7388429658765308,0.7540074019865686,0.11923883782077893,-0.4540268861602275,-0.010611682496214593,0
2,0,5,18,0,6,0,1,0.4279775326241249,0.40229946744652306,-1.3330865506909721,-0.20952245260363286,0.986241167131304,1
3,1,7,13,0,1,1,1,1.7750610767178827,1.8091312056067057,-0.710661384185936,0.7668598004618318,-1.5058909569374925,0
4,0,11,11,0,4,1,2,-0.19375333388068602,-0.1258428104931492,0.22297636557161837,1.6213987070392275,-0.010611682496214593,0
4,0,9,2,0,2,1,1,0.6352211547923955,0.40229946744652306,1.623432990207949,-0.6977135791363653,-1.0074645321237332,0
4,1,12,3,0,1,1,2,-0.6082405782172269,-0.477550745033195,1.623432990207949,-0.6977135791363653,-1.5058909569374925,0
2,0,5,3,0,0,0,1,0.6352211547923955,0.48993626301673243,1.3122204069554313,-0.6977135791363653,1.4846675919450634,1
2,0,5,0,0,3,1,3,0.5315993437082602,0.48993626301673243,1.0528765875783328,0.2786686739290992,-0.5090381073099739,0
1,0,2,11,0,5,1,1,-0.2973751449648213,-0.21347960606335856,0.48232018494871637,-0.20952245260363286,0.48781474231754474,0
2,1,4,7,0,2,1,1,0.5315993437082602,0.8416441975567779,-1.021873967438454,0.5223553669052369,-1.0074645321237332,0
1,0,2,15,0,1,1,3,-0.40099695604895663,-0.30169677776317194,1.9346455734604673,0.8887031469499004,-1.5058909569374925,0
1,0,2,3,0,4,1,1,-0.8154842003854972,-0.8292586795732405,-0.5031863286842572,0.03416424037250481,-0.010611682496214593,0
1,1,1,4,0,2,1,1,-1.0227278225537677,-1.0927494424134727,-0.710661384185936,0.03416424037250481,-1.0074645321237332,0
3,1,9,20,0,5,1,1,1.1533302102130714,1.1933521320968234,0.17110760169619865,0.2786686739290992,0.48781474231754474,0
2,0,4,22,0,6,0,2,-0.7118623893013623,-0.7410415078734272,1.57156422633253,-0.4540268861602275,0.986241167131304,1
3,1,7,8,0,0,0,2,1.0497083991289362,1.1057153365266141,1.1047453514537524,-0.4540268861602275,1.4846675919450634,1
1,0,1,14,0,5,1,3,-1.4372150668903083,-1.180966614113286,0.8972702959520742,-1.552252485713761,0.48781474231754474,0
2,0,5,0,0,4,1,2,-0.19375333388068602,-0.1258428104931492,1.3122204069554313,0.2786686739290992,-0.010611682496214593,0
2,0,4,2,0,0,0,1,-1.229971444722038,-1.180966614113286,0.3785826571978769,-0.4540268861602275,1.4846675919450634,1
3,1,7,11,0,5,1,1,1.7750610767178827,1.4574232710666595,-1.5924303700680704,-0.8195569256244342,0.48781474231754474,0
1,1,1,17,0,1,1,2,-1.3335932558061734,-1.2686034096834955,1.7271705179587884,-0.6977135791363653,-1.5058909569374925,0
3,0,8,20,0,5,1,3,0.6352211547923955,0.5781534347165458,1.0528765875783328,0.8887031469499004,0.48781474231754474,0
2,0,5,23,0,5,1,1,0.4279775326241249,0.40229946744652306,1.3122204069554313,-0.4540268861602275,0.48781474231754474,0
4,1,12,1,0,1,1,2,-0.7118623893013623,-0.565187540603404,1.9346455734604673,-1.552252485713761,-1.5058909569374925,0
4,0,10,6,0,6,0,1,-0.7118623893013623,-0.565187540603404,0.43045142107329665,-1.552252485713761,0.986241167131304,1
1,0,2,8,0,2,1,1,-1.5408368779744437,-1.7085285159233545,-1.5924303700680704,1.376894273482633,-1.0074645321237332,0
1,0,1,23,0,2,1,3,-1.7480805001427142,-1.6203113442235408,1.57156422633253,-0.8195569256244342,-1.0074645321237332,0
4,1,9,8,0,0,0,1,-0.090131522796551,-0.03762563879333582,-0.39944880093341767,1.376894273482633,1.4846675919450634,1
1,0,3,2,0,5,1,2,-1.644458689058579,-1.7085285159233545,0.06737007394535921,0.03416424037250481,0.48781474231754474,0
3,0,7,5,0,6,0,1,0.4279775326241249,0.40229946744652306,0.5341889488241361,-0.6977135791363653,0.986241167131304,1
3,0,9,2,0,6,0,2,0.7388429658765308,0.7540074019865686,0.3267138933224572,0.2786686739290992,0.986241167131304,1
4,1,10,11,0,3,1,1,0.2207339104558549,0.22644550017650028,-0.5550550925596769,0.03416424037250481,-0.5090381073099739,0
1,1,3,17,0,6,0,1,-0.7118623893013623,-0.565187540603404,-2.0592492449468476,-1.552252485713761,0.986241167131304,1
2,0,3,7,0,2,1,1,-1.4372150668903083,-1.6203113442235408,-1.1256114951892935,1.376894273482633,-1.0074645321237332,0
2,1,4,22,0,2,1,1,0.013490288287584293,0.050011156776873573,-0.6069238564350966,-1.552252485713761,-1.0074645321237332,0
1,0,2,4,0,3,1,1,-1.5408368779744437,-1.6203113442235408,-0.6069238564350966,0.03416424037250481,-0.5090381073099739,0
1,1,1,17,1,1,0,1,-1.229971444722038,-1.444457376953518,-0.7625301480613558,1.1332075805064954,-1.5058909569374925,0
4,0,12,12,0,2,1,1,-0.7118623893013623,-0.8292586795732405,-1.021873967438454,1.376894273482633,-1.0074645321237332,0
3,0,8,18,0,3,1,1,1.6714392656337473,1.3692060993668462,-1.7999054255697489,0.8887031469499004,-0.5090381073099739,0
4,0,11,20,0,1,1,3,-0.5046187671330916,-0.3893335733333813,1.2603516430800117,0.2786686739290992,-1.5058909569374925,0
4,1,10,22,0,5,1,1,-0.5046187671330916,-0.3893335733333813,-0.8143989119367755,0.8887031469499004,0.48781474231754474,0
1,1,3,20,0,6,0,1,-0.2973751449648213,-0.21347960606335856,-1.6961678978189099,-0.4540268861602275,0.986241167131304,1
1,0,2,2,0,0,0,2,-1.5408368779744437,-1.444457376953518,0.6379264765749756,-0.8195569256244342,1.4846675919450634,1
2,1,6,14,0,6,0,1,1.6714392656337473,1.2815693037966367,-2.0592492449468476,0.03416424037250481,0.986241167131304,1
4,0,10,13,0,5,1,1,-0.090131522796551,-0.03762563879333582,-0.7625301480613558,1.1332075805064954,0.48781474231754474,0
3,1,8,13,0,1,1,1,1.360573832381342,1.3692060993668462,-0.29571127318257884,-0.20952245260363286,-1.5058909569374925,0
2,0,4,8,0,4,1,2,-0.5046187671330916,-0.3893335733333813,-0.6587926203105163,2.4751198730361663,-0.010611682496214593,0
4,0,11,17,0,6,0,2,-0.19375333388068602,-0.1258428104931492,-0.8143989119367755,-0.4540268861602275,0.986241167131304,1
1,1,1,18,0,6,0,2,-1.5408368779744437,-1.7085285159233545,0.6379264765749756,1.6213987070392275,0.986241167131304,1
4,0,12,3,0,2,1,2,-0.19375333388068602,-0.1258428104931492,1.2603516430800117,0.03416424037250481,-1.0074645321237332,0
2,0,5,4,0,1,1,1,-0.2973751449648213,-0.21347960606335856,0.741664004325815,-0.20952245260363286,-1.5058909569374925,0
1,1,2,6,0,3,1,2,-1.3335932558061734,-1.0927494424134727,0.3785826571978769,-1.552252485713761,-0.5090381073099739,0
2,0,4,0,0,0,0,2,-0.2973751449648213,-0.21347960606335856,0.741664004325815,0.7668598004618318,1.4846675919450634,1
3,1,8,6,0,3,1,1,0.5315993437082602,0.6657902302867552,0.5341889488241361,0.03416424037250481,-0.5090381073099739,0
4,0,11,12,0,4,1,1,0.013490288287584293,0.050011156776873573,-0.6069238564350966,0.03416424037250481,-0.010611682496214593,0
4,0,11,11,0,4,1,3,-0.9191060114696326,-1.0051126468432632,0.17110760169619865,1.1332075805064954,-0.010611682496214593,0
2,1,6,20,0,0,0,1,0.6352211547923955,0.8416441975567779,-0.29571127318257884,0.03416424037250481,1.4846675919450634,1
4,1,12,5,0,3,1,1,-1.229971444722038,-1.0927494424134727,0.6379264765749756,-0.8195569256244342,-0.5090381073099739,0
4,0,10,0,0,2,1,1,-0.090131522796551,-0.03762563879333582,1.001007823702913,-1.552252485713761,-1.0074645321237332,0
1,1,1,18,0,3,1,1,-0.9191060114696326,-0.8292586795732405,0.17110760169619865,-0.4540268861602275,-0.5090381073099739,0
1,0,1,9,0,0,0,1,-1.4372150668903083,-1.5326745486533315,-0.6069238564350966,0.5223553669052369,1.4846675919450634,1
3,1,9,0,0,6,0,1,1.2569520212972067,1.1933521320968234,-0.036367453805480225,-0.6977135791363653,0.986241167131304,1
3,0,7,3,0,0,0,1,0.8424647769606661,0.8416441975567779,0.5860577126995559,-0.8195569256244342,1.4846675919450634,1
2,1,4,21,0,2,1,2,-0.19375333388068602,-0.1258428104931492,-1.7999054255697489,-0.20952245260363286,-1.0074645321237332,0
2,1,4,10,0,0,0,1,0.4279775326241249,0.40229946744652306,-0.5031863286842572,0.2786686739290992,1.4846675919450634,1
2,0,6,15,0,6,0,2,1.2569520212972067,1.0174981648268007,-1.8517741894451687,1.8650854000153652,0.986241167131304,1
2,1,3,5,0,5,1,2,0.013490288287584293,0.050011156776873573,1.623432990207949,-1.552252485713761,0.48781474231754474,0
1,1,1,2,0,6,0,3,-1.8517023112268494,-1.5326745486533315,1.2084828792045919,-1.552252485713761,0.986241167131304,1
4,1,12,1,0,6,0,2,-0.7118623893013623,-0.7410415078734272,1.57156422633253,-0.4540268861602275,0.986241167131304,1
3,0,7,4,0,5,1,1,0.6352211547923955,0.8416441975567779,-0.29571127318257884,-1.552252485713761,0.48781474231754474,0
2,0,4,1,0,2,1,1,-0.19375333388068602,-0.1258428104931492,0.01550131006993949,0.2786686739290992,-1.0074645321237332,0
4,1,11,22,0,5,1,1,-0.2973751449648213,-0.21347960606335856,-1.5405616061926506,2.7196243065927606,0.48781474231754474,0
3,0,8,19,0,0,0,1,1.1533302102130714,1.2815693037966367,0.8454015320766545,-0.20952245260363286,1.4846675919450634,1
3,0,9,23,0,0,0,1,0.2207339104558549,0.22644550017650028,0.2748451294470381,0.03416424037250481,1.4846675919450634,1
1,0,12,8,1,1,0,1,-0.9191060114696326,-0.8292586795732405,-0.9181364396876146,-0.4540268861602275,-1.5058909569374925,0
2,1,6,17,0,2,1,2,0.8424647769606661,0.6657902302867552,1.3640891708308511,0.7668598004618318,-1.0074645321237332,0
4,1,10,15,0,2,1,1,0.9460865880448014,0.9298613692565912,-1.1256114951892935,0.2786686739290992,-1.0074645321237332,0
4,1,10,10,0,2,1,1,0.013490288287584293,0.050011156776873573,-0.7625301480613558,0.7668598004618318,-1.0074645321237332,0
4,0,12,3,0,2,1,1,-1.644458689058579,-1.3568205813833087,0.8972702959520742,-1.552252485713761,-1.0074645321237332,0
3,1,6,16,0,6,0,1,2.0859265099702884,1.8091312056067057,-1.7480366616943295,-0.20952245260363286,0.986241167131304,1
2,1,4,15,0,3,1,2,0.7388429658765308,0.8416441975567779,-0.9700052035630343,0.7668598004618318,-0.5090381073099739,0
3,1,7,2,0,4,1,1,1.1533302102130714,1.1933521320968234,0.3785826571978769,0.03416424037250481,-0.010611682496214593,0
2,1,6,1,0,3,1,1,0.11711209937171958,0.13822832847668692,0.2748451294470381,-1.552252485713761,-0.5090381073099739,0
1,0,3,9,0,2,1,1,-1.4372150668903083,-1.6203113442235408,-0.39944880093341767,1.8650854000153652,-1.0074645321237332,0
4,0,9,9,0,5,1,1,0.3243557215399902,0.3140822957467097,0.5341889488241361,0.03416424037250481,0.48781474231754474,0
4,0,11,6,0,3,1,2,-0.19375333388068602,-0.1258428104931492,1.623432990207949,-0.8195569256244342,-0.5090381073099739,0
3,0,8,16,0,4,1,1,1.5678174545496126,1.2815693037966367,-1.8517741894451687,0.03416424037250481,-0.010611682496214593,0
2,0,4,6,0,1,1,1,-0.5046187671330916,-0.3893335733333813,1.001007823702913,-1.552252485713761,-1.5058909569374925,0
2,0,4,20,0,0,0,3,0.5315993437082602,0.48993626301673243,1.0528765875783328,0.7668598004618318,1.4846675919450634,1
4,0,10,15,0,3,1,3,0.2207339104558549,0.22644550017650028,1.9346455734604673,-0.4540268861602275,-0.5090381073099739,0
3,0,9,4,0,1,1,1,0.2207339104558549,0.22644550017650028,1.623432990207949,-0.6977135791363653,-1.5058909569374925,0
3,1,7,7,0,6,0,1,1.1533302102130714,1.1933521320968234,0.3785826571978769,-0.4540268861602275,0.986241167131304,1
1,1,12,5,0,6,0,2,-1.3335932558061734,-1.3568205813833087,0.6379264765749756,-0.8195569256244342,0.986241167131304,1
1,0,2,0,0,1,1,2,-0.7118623893013623,-0.6534047123032177,0.17110760169619865,-0.6977135791363653,-1.5058909569374925,0
1,1,3,1,0,1,1,1,-1.3335932558061734,-1.3568205813833087,-0.7625301480613558,-0.4540268861602275,-1.5058909569374925,0
2,0,4,8,0,6,0,2,-0.7118623893013623,-0.8292586795732405,1.9346455734604673,0.5223553669052369,0.986241167131304,1
4,1,11,5,0,1,1,2,-0.7118623893013623,-0.7410415078734272,0.17110760169619865,0.2786686739290992,-1.5058909569374925,0
3,0,8,21,0,2,1,1,1.4641956434654773,1.2815693037966367,-0.8662676758121949,0.5223553669052369,-1.0074645321237332,0
4,0,10,11,0,5,1,1,-0.7118623893013623,-0.7410415078734272,-0.6587926203105163,0.2786686739290992,0.48781474231754474,0
2,0,4,8,0,0,0,1,-0.6082405782172269,-0.477550745033195,-0.8662676758121949,1.6213987070392275,1.4846675919450634,1
2,1,5,9,0,3,1,2,0.3243557215399902,0.3140822957467097,1.3122204069554313,-1.552252485713761,-0.5090381073099739,0
2,1,5,10,0,2,1,1,1.2569520212972067,1.2815693037966367,0.3785826571978769,0.8887031469499004,-1.0074645321237332,0
3,0,9,14,0,2,1,3,0.2207339104558549,0.22644550017650028,1.3122204069554313,0.7668598004618318,-1.0074645321237332,0
2,1,4,17,0,1,1,1,0.3243557215399902,0.3140822957467097,-0.14010498155631967,-0.20952245260363286,-1.5058909569374925,0
1,1,2,17,0,3,1,2,-0.5046187671330916,-0.3893335733333813,1.2603516430800117,-0.20952245260363286,-0.5090381073099739,0
1,1,1,8,0,2,1,1,-1.7480805001427142,-1.9720192787635866,-0.39944880093341767,0.7668598004618318,-1.0074645321237332,0
1,0,2,0,0,3,1,1,-1.4372150668903083,-1.2686034096834955,-1.1256114951892935,-0.8195569256244342,-0.5090381073099739,0
4,1,11,7,1,1,0,1,-0.5046187671330916,-0.3893335733333813,1.2603516430800117,-1.552252485713761,-1.5058909569374925,0
2,1,5,18,0,2,1,1,1.0497083991289362,1.0174981648268007,-0.4513175648088374,-0.4540268861602275,-1.0074645321237332,0
4,0,11,17,0,1,1,3,-0.40099695604895663,-0.30169677776317194,1.623432990207949,0.8887031469499004,-1.5058909569374925,0
2,1,6,0,0,5,1,1,0.8424647769606661,0.8416441975567779,-0.6587926203105163,0.5223553669052369,0.48781474231754474,0
4,0,11,6,0,2,1,1,-1.0227278225537677,-0.8292586795732405,1.2603516430800117,-1.552252485713761,-1.0074645321237332,0
1,1,12,19,0,6,0,2,-1.0227278225537677,-1.3568205813833087,-0.08823621768089995,0.5223553669052369,0.986241167131304,1
4,0,10,17,0,6,0,3,-0.5046187671330916,-0.3893335733333813,0.6897952404503953,0.03416424037250481,0.986241167131304,1
2,0,6,8,0,4,1,1,1.0497083991289362,0.9298613692565912,-1.5924303700680704,0.8887031469499004,-0.010611682496214593,0
1,0,2,14,0,0,0,1,-0.7118623893013623,-0.7410415078734272,-1.8517741894451687,-0.20952245260363286,1.4846675919450634,1
3,1,7,0,0,5,1,1,1.4641956434654773,1.545060066636869,-0.036367453805480225,-0.4540268861602275,0.48781474231754474,0
2,0,6,6,0,2,1,1,0.2207339104558549,0.22644550017650028,-0.34758003705799795,0.8887031469499004,-1.0074645321237332,0
4,1,11,15,0,5,1,1,-0.40099695604895663,-0.30169677776317194,-1.2812177868155523,-0.4540268861602275,0.48781474231754474,0
3,1,7,5,0,2,1,1,1.0497083991289362,1.0174981648268007,-0.08823621768089995,-1.552252485713761,-1.0074645321237332,0
4,1,12,19,0,0,0,1,-0.7118623893013623,-0.7410415078734272,1.57156422633253,-0.4540268861602275,1.4846675919450634,1
1,1,1,11,0,2,1,2,-0.8154842003854972,-0.7410415078734272,1.2603516430800117,-0.6977135791363653,-1.0074645321237332,0
3,1,9,20,0,5,1,1,0.8424647769606661,0.8416441975567779,-0.08823621768089995,-0.6977135791363653,0.48781474231754474,0
1,0,1,22,0,3,1,1,-1.644458689058579,-1.6203113442235408,-0.39944880093341767,-0.4540268861602275,-0.5090381073099739,0
2,1,5,20,0,5,1,1,0.9460865880448014,0.9298613692565912,-0.6069238564350966,-0.6977135791363653,0.48781474231754474,0
3,0,7,8,0,6,0,1,1.0497083991289362,1.0174981648268007,0.3785826571978769,0.5223553669052369,0.986241167131304,1
2,1,4,18,0,1,1,2,0.3243557215399902,0.3140822957467097,-0.14010498155631967,0.2786686739290992,-1.5058909569374925,0
1,1,3,5,0,4,1,1,-0.40099695604895663,-0.30169677776317194,0.741664004325815,0.2786686739290992,-0.010611682496214593,0
4,1,11,0,0,1,1,1,-0.7118623893013623,-0.7410415078734272,0.17110760169619865,0.2786686739290992,-1.5058909569374925,0
2,0,4,18,0,6,0,2,-0.6082405782172269,-0.477550745033195,1.001007823702913,-0.6977135791363653,0.986241167131304,1
3,1,8,5,0,1,1,1,0.7388429658765308,0.7540074019865686,0.3267138933224572,-0.6977135791363653,-1.5058909569374925,0
4,1,12,6,0,1,1,1,-0.7118623893013623,-0.565187540603404,1.57156422633253,-1.552252485713761,-1.5058909569374925,0
1,1,1,8,0,5,1,1,-1.3335932558061734,-1.5326745486533315,-0.5550550925596769,1.376894273482633,0.48781474231754474,0
2,0,5,3,1,1,0,1,0.7388429658765308,0.48993626301673243,1.623432990207949,0.03416424037250481,-1.5058909569374925,0
1,1,2,14,0,3,1,1,-0.40099695604895663,-0.30169677776317194,-1.1256114951892935,1.376894273482633,-0.5090381073099739,0
2,1,4,15,0,5,1,1,0.11711209937171958,0.13822832847668692,-1.7480366616943295,2.4751198730361663,0.48781474231754474,0
4,1,11,21,0,5,1,2,-0.7118623893013623,-0.8292586795732405,-0.8662676758121949,1.376894273482633,0.48781474231754474,0
2,1,4,6,0,0,0,1,-0.8154842003854972,-0.8292586795732405,1.2603516430800117,-0.4540268861602275,1.4846675919450634,1
3,0,7,17,0,6,0,1,1.7750610767178827,1.4574232710666595,-1.6961678978189099,0.2786686739290992,0.986241167131304,1
1,1,1,16,0,3,1,2,-1.644458689058579,-1.796165311493564,-1.1774802590647129,0.7668598004618318,-0.5090381073099739,0
1,1,2,8,0,5,1,1,-1.5408368779744437,-1.5326745486533315,-0.1919737454317394,-0.20952245260363286,0.48781474231754474,0
1,1,2,21,0,5,1,1,-0.6082405782172269,-0.477550745033195,-1.3330865506909721,0.03416424037250481,0.48781474231754474,0
1,1,1,9,0,2,1,1,-1.0227278225537677,-1.0927494424134727,-0.5550550925596769,0.03416424037250481,-1.0074645321237332,0
4,1,9,0,0,2,1,1,-0.19375333388068602,-0.1258428104931492,0.22297636557161837,-0.20952245260363286,-1.0074645321237332,0
4,1,12,3,0,2,1,3,-0.7118623893013623,-0.8292586795732405,0.6897952404503953,0.7668598004618318,-1.0074645321237332,0
2,0,5,21,0,5,1,1,-0.090131522796551,-0.03762563879333582,0.22297636557161837,-0.4540268861602275,0.48781474231754474,0
2,1,4,14,0,5,1,1,0.7388429658765308,0.8416441975567779,-0.9700052035630343,0.2786686739290992,0.48781474231754474,0
3,0,7,8,0,6,0,1,0.8424647769606661,0.8416441975567779,0.11923883782077893,-0.20952245260363286,0.986241167131304,1
3,0,7,4,0,4,1,1,1.0497083991289362,1.0174981648268007,-0.08823621768089995,-0.6977135791363653,-0.010611682496214593,0
1,1,2,22,0,2,1,2,-0.7118623893013623,-0.6534047123032177,-0.6587926203105163,-0.6977135791363653,-1.0074645321237332,0
4,0,11,2,0,4,1,2,-0.40099695604895663,-0.30169677776317194,1.001007823702913,0.2786686739290992,-0.010611682496214593,0
1,1,1,0,1,1,0,1,-1.8517023112268494,-1.8843824831933773,-0.8662676758121949,-0.4540268861602275,-1.5058909569374925,0
4,0,11,9,0,2,1,3,-0.5046187671330916,-0.3893335733333813,1.623432990207949,-1.552252485713761,-1.0074645321237332,0
3,0,7,4,0,0,0,1,0.6352211547923955,0.6657902302867552,0.5341889488241361,-0.20952245260363286,1.4846675919450634,1
4,1,12,5,0,3,1,1,0.013490288287584293,0.050011156776873573,-0.1919737454317394,0.7668598004618318,-0.5090381073099739,0
1,0,1,16,0,2,1,2,-1.7480805001427142,-1.8843824831933773,1.2084828792045919,0.2786686739290992,-1.0074645321237332,0
3,1,9,5,0,2,1,2,0.8424647769606661,0.6657902302867552,1.3640891708308511,-1.552252485713761,-1.0074645321237332,0
2,0,6,5,0,1,1,3,0.6352211547923955,0.5781534347165458,1.0528765875783328,-0.4540268861602275,-1.5058909569374925,0
3,0,8,23,0,0,0,1,1.0497083991289362,1.1057153365266141,0.8454015320766545,-0.6977135791363653,1.4846675919450634,1
4,0,12,9,0,3,1,2,-1.0227278225537677,-0.8292586795732405,-0.08823621768089995,-1.552252485713761,-0.5090381073099739,0
3,0,9,3,0,3,1,3,0.3243557215399902,0.3140822957467097,1.623432990207949,-0.4540268861602275,-0.5090381073099739,0
3,0,7,4,0,2,1,1,1.0497083991289362,1.1057153365266141,0.8454015320766545,-0.20952245260363286,-1.0074645321237332,0
3,0,9,3,0,2,1,2,0.2207339104558549,0.22644550017650028,1.0528765875783328,0.2786686739290992,-1.0074645321237332,0
2,1,3,7,0,5,1,2,0.013490288287584293,0.050011156776873573,1.57156422633253,-0.4540268861602275,0.48781474231754474,0
2,1,5,14,0,4,1,1,1.2569520212972067,1.1933521320968234,-0.39944880093341767,0.2786686739290992,-0.010611682496214593,0
3,0,7,7,0,5,1,2,1.2569520212972067,1.3692060993668462,0.8454015320766545,-0.8195569256244342,0.48781474231754474,0
1,1,3,4,0,0,0,2,-0.40099695604895663,-0.30169677776317194,1.623432990207949,-0.20952245260363286,1.4846675919450634,1
4,1,10,11,0,5,1,1,1.0497083991289362,1.0174981648268007,-0.7625301480613558,0.03416424037250481,0.48781474231754474,0
1,1,2,19,0,4,1,1,0.013490288287584293,0.050011156776873573,-1.2293490229401327,-0.8195569256244342,-0.010611682496214593,0
4,0,10,9,0,2,1,1,-0.090131522796551,-0.03762563879333582,-0.39944880093341767,0.2786686739290992,-1.0074645321237332,0
2,0,5,1,0,6,0,2,0.013490288287584293,0.050011156776873573,1.3122204069554313,-0.4540268861602275,0.986241167131304,1
2,0,5,16,0,4,1,1,0.4279775326241249,0.40229946744652306,0.06737007394535921,0.03416424037250481,-0.010611682496214593,0
1,0,3,3,0,6,0,1,-1.3335932558061734,-1.444457376953518,0.11923883782077893,0.5223553669052369,0.986241167131304,1
3,0,6,14,0,2,1,1,1.360573832381342,1.3692060993668462,-0.036367453805480225,0.2786686739290992,-1.0074645321237332,0
3,0,8,9,0,5,1,1,1.1533302102130714,1.1057153365266141,-0.24384250930715912,-0.6977135791363653,0.48781474231754474,0
3,0,9,14,0,5,1,2,1.0497083991289362,1.0174981648268007,-0.08823621768089995,-0.6977135791363653,0.48781474231754474,0
4,1,10,7,0,0,0,1,-0.40099695604895663,-0.30169677776317194,1.001007823702913,0.2786686739290992,1.4846675919450634,1
4,0,12,15,0,0,0,1,-0.40099695604895663,-0.30169677776317194,-0.036367453805480225,0.03416424037250481,1.4846675919450634,1
4,0,11,19,0,0,0,2,0.013490288287584293,0.050011156776873573,0.48232018494871637,-0.6977135791363653,1.4846675919450634,1
2,0,4,8,0,0,0,1,0.11711209937171958,0.13822832847668692,1.623432990207949,0.2786686739290992,1.4846675919450634,1
2,1,4,6,0,4,1,2,-0.5046187671330916,-0.3893335733333813,1.001007823702913,-0.6977135791363653,-0.010611682496214593,0
4,0,12,12,0,5,1,1,-0.7118623893013623,-0.8292586795732405,-0.29571127318257884,0.8887031469499004,0.48781474231754474,0
4,1,10,1,0,1,1,2,0.4279775326241249,0.40229946744652306,0.06737007394535921,1.6213987070392275,-1.5058909569374925,0
4,1,12,15,0,6,0,1,-0.40099695604895663,-0.30169677776317194,1.001007823702913,-0.20952245260363286,0.986241167131304,1
4,1,12,7,0,3,1,3,-0.19375333388068602,-0.1258428104931492,-0.1919737454317394,0.8887031469499004,-0.5090381073099739,0
1,1,1,4,0,5,1,1,-1.4372150668903083,-1.444457376953518,0.3267138933224572,-0.4540268861602275,0.48781474231754474,0
4,0,12,9,0,2,1,2,-0.7118623893013623,-0.565187540603404,0.17110760169619865,-1.552252485713761,-1.0074645321237332,0
1,0,3,21,0,4,1,3,-0.7118623893013623,-0.7410415078734272,-3.2522308140815,0.2786686739290992,-0.010611682496214593,0
1,1,12,13,0,3,1,3,-1.4372150668903083,-1.6203113442235408,1.2603516430800117,1.1332075805064954,-0.5090381073099739,0
2,1,6,2,0,3,1,1,0.6352211547923955,0.5781534347165458,1.0528765875783328,-0.4540268861602275,-0.5090381073099739,0
1,0,3,17,0,6,0,2,-0.090131522796551,-0.03762563879333582,-0.1919737454317394,1.376894273482633,0.986241167131304,1
2,0,4,16,0,4,1,1,0.11711209937171958,0.13822832847668692,-1.8517741894451687,1.376894273482633,-0.010611682496214593,0
2,0,4,11,0,5,1,1,-0.9191060114696326,-1.0927494424134727,-0.08823621768089995,1.376894273482633,0.48781474231754474,0
3,0,6,11,0,5,1,1,1.5678174545496126,1.3692060993668462,-1.2812177868155523,1.1332075805064954,0.48781474231754474,0
1,1,1,1,0,0,0,2,-1.644458689058579,-1.796165311493564,0.5860577126995559,0.8887031469499004,1.4846675919450634,1
3,1,8,5,0,0,0,1,0.7388429658765308,0.5781534347165458,1.3640891708308511,0.03416424037250481,1.4846675919450634,1
2,0,5,23,0,2,1,2,0.2207339104558549,0.22644550017650028,1.3122204069554313,0.5223553669052369,-1.0074645321237332,0
3,1,7,15,0,1,1,1,1.5678174545496126,1.545060066636869,-0.710661384185936,0.5223553669052369,-1.5058909569374925,0
2,1,5,11,0,2,1,2,0.8424647769606661,0.8416441975567779,0.11923883782077893,0.7668598004618318,-1.0074645321237332,0
4,0,11,6,0,2,1,2,-0.6082405782172269,-0.477550745033195,1.623432990207949,-0.6977135791363653,-1.0074645321237332,0
2,0,5,13,0,5,1,1,0.4279775326241249,0.40229946744652306,-1.1774802590647129,1.1332075805064954,0.48781474231754474,0
3,0,8,9,0,2,1,2,0.8424647769606661,0.8416441975567779,-0.9700052035630343,-1.552252485713761,-1.0074645321237332,0
4,1,11,19,0,4,1,2,-0.5046187671330916,-0.3893335733333813,-0.6587926203105163,-0.20952245260363286,-0.010611682496214593,0
4,0,10,1,0,4,1,1,-0.19375333388068602,-0.1258428104931492,1.623432990207949,-1.552252485713761,-0.010611682496214593,0
2,0,5,13,0,3,1,2,0.3243557215399902,0.3140822957467097,1.0528765875783328,1.1332075805064954,-0.5090381073099739,0
2,0,4,1,0,4,1,2,0.6352211547923955,0.5781534347165458,1.0528765875783328,1.6213987070392275,-0.010611682496214593,0
4,0,10,20,0,4,1,1,-0.40099695604895663,-0.30169677776317194,0.22297636557161837,2.4751198730361663,-0.010611682496214593,0
3,0,6,15,0,1,1,2,1.2569520212972067,1.1933521320968234,-0.39944880093341767,-1.552252485713761,-1.5058909569374925,0
3,1,6,21,0,5,1,2,1.8786828878020179,2.072621968446938,-0.5031863286842572,0.03416424037250481,0.48781474231754474,0
3,1,8,11,0,6,0,1,1.1533302102130714,1.1057153365266141,-0.6069238564350966,-1.552252485713761,0.986241167131304,1
4,0,10,22,0,0,0,1,-0.40099695604895663,-0.30169677776317194,0.741664004325815,-0.6977135791363653,1.4846675919450634,1
4,1,11,6,0,6,0,2,-0.9191060114696326,-0.9168954751434499,-0.710661384185936,0.03416424037250481,0.986241167131304,1
4,0,11,2,0,0,0,1,-0.7118623893013623,-0.6534047123032177,-0.29571127318257884,-0.6977135791363653,1.4846675919450634,1
4,0,10,8,0,0,0,1,-1.229971444722038,-1.2686034096834955,0.3785826571978769,0.2786686739290992,1.4846675919450634,1
1,0,2,15,0,0,0,1,-0.8154842003854972,-0.7410415078734272,-0.8662676758121949,-0.8195569256244342,1.4846675919450634,1
1,0,1,14,0,4,1,1,-1.4372150668903083,-1.6203113442235408,-1.1256114951892935,1.6213987070392275,-0.010611682496214593,0
3,1,9,16,0,6,0,2,0.8424647769606661,0.8416441975567779,-1.3849553145663918,0.2786686739290992,0.986241167131304,1
4,0,11,8,0,2,1,1,0.2207339104558549,0.22644550017650028,0.741664004325815,0.7668598004618318,-1.0074645321237332,0
1,0,1,13,0,0,0,1,-1.1263496336379029,-1.0927494424134727,-0.08823621768089995,-0.6977135791363653,1.4846675919450634,1
4,1,10,1,1,1,0,1,-0.8154842003854972,-0.8292586795732405,1.2603516430800117,-0.20952245260363286,-1.5058909569374925,0
3,0,6,14,0,3,1,1,1.5678174545496126,1.2815693037966367,-1.64429913394349,0.03416424037250481,-0.5090381073099739,0
2,1,5,17,0,6,0,2,0.9460865880448014,0.9298613692565912,0.11923883782077893,0.8887031469499004,0.986241167131304,1
2,1,5,4,0,6,0,1,0.6352211547923955,0.48993626301673243,1.3122204069554313,-0.4540268861602275,0.986241167131304,1
1,0,2,9,0,5,1,1,-1.9553241223109845,-2.0602364504634,0.5860577126995559,0.2786686739290992,0.48781474231754474,0
3,0,6,11,0,4,1,1,1.2569520212972067,1.0174981648268007,-1.3330865506909721,-0.4540268861602275,-0.010611682496214593,0
3,1,7,15,0,1,1,2,1.360573832381342,1.1933521320968234,-0.9181364396876146,0.2786686739290992,-1.5058909569374925,0
2,0,5,1,0,3,1,3,0.013490288287584293,0.050011156776873573,1.001007823702913,0.7668598004618318,-0.5090381073099739,0
1,1,2,14,1,1,0,1,-0.9191060114696326,-0.9168954751434499,-1.3849553145663918,0.03416424037250481,-1.5058909569374925,0
1,0,3,20,0,6,0,2,-0.2973751449648213,-0.21347960606335856,0.741664004325815,1.1332075805064954,0.986241167131304,1
1,0,3,10,0,6,0,1,-0.9191060114696326,-1.0051126468432632,0.17110760169619865,0.2786686739290992,0.986241167131304,1
2,1,4,22,0,3,1,1,0.013490288287584293,0.050011156776873573,-0.6069238564350966,-1.552252485713761,-0.5090381073099739,0
2,0,5,21,0,0,0,1,0.2207339104558549,0.22644550017650028,1.3122204069554313,-1.552252485713761,1.4846675919450634,1
4,1,12,11,0,0,0,2,-0.5046187671330916,-0.3893335733333813,1.2603516430800117,0.8887031469499004,1.4846675919450634,1
3,1,8,14,0,6,0,1,1.5678174545496126,1.545060066636869,-0.710661384185936,0.8887031469499004,0.986241167131304,1
3,0,7,2,0,6,0,1,1.360573832381342,1.2815693037966367,-0.39944880093341767,-0.6977135791363653,0.986241167131304,1
1,0,3,23,0,6,0,2,-0.2973751449648213,-0.21347960606335856,0.741664004325815,0.8887031469499004,0.986241167131304,1
4,0,10,4,0,0,0,1,-0.8154842003854972,-0.6534047123032177,1.2603516430800117,-1.552252485713761,1.4846675919450634,1
4,1,11,2,0,5,1,1,-0.9191060114696326,-0.9168954751434499,0.17110760169619865,-0.20952245260363286,0.48781474231754474,0
1,1,1,23,0,4,1,1,-1.3335932558061734,-1.2686034096834955,0.3785826571978769,-0.6977135791363653,-0.010611682496214593,0
1,1,12,22,0,1,1,1,-1.229971444722038,-1.180966614113286,-0.34758003705799795,-0.4540268861602275,-1.5058909569374925,0
4,0,12,3,0,6,0,1,-1.3335932558061734,-1.3568205813833087,0.3785826571978769,-0.4540268861602275,0.986241167131304,1
1,0,3,22,0,3,1,2,-0.5046187671330916,-0.3893335733333813,-0.036367453805480225,1.6213987070392275,-0.5090381073099739,0
1,0,2,9,0,2,1,1,-1.3335932558061734,-1.6203113442235408,-0.5550550925596769,2.4751198730361663,-1.0074645321237332,0
3,0,9,21,0,4,1,2,0.8424647769606661,0.8416441975567779,-0.29571127318257884,0.03416424037250481,-0.010611682496214593,0
4,1,10,5,0,6,0,1,-1.0227278225537677,-1.0927494424134727,-0.08823621768089995,0.03416424037250481,0.986241167131304,1
3,0,7,2,0,1,1,2,1.2569520212972067,1.3692060993668462,0.8454015320766545,-0.8195569256244342,-1.5058909569374925,0
1,1,12,16,0,4,1,2,-1.229971444722038,-1.3568205813833087,-0.5550550925596769,0.7668598004618318,-0.010611682496214593,0
1,1,2,9,0,6,0,3,-1.4372150668903083,-1.3568205813833087,1.57156422633253,-0.6977135791363653,0.986241167131304,1
4,1,10,20,0,5,1,1,0.11711209937171958,0.13822832847668692,0.741664004325815,0.03416424037250481,0.48781474231754474,0
3,1,6,10,0,4,1,1,1.7750610767178827,1.8091312056067057,-0.710661384185936,-0.6977135791363653,-0.010611682496214593,0
3,0,7,13,0,0,0,1,2.0859265099702884,1.7209140339068922,-2.007380481071428,-0.4540268861602275,1.4846675919450634,1
4,1,10,6,0,0,0,1,-0.5046187671330916,-0.3893335733333813,1.001007823702913,-0.20952245260363286,1.4846675919450634,1
1,1,2,20,0,4,1,1,-0.9191060114696326,-0.7410415078734272,-1.3849553145663918,-1.552252485713761,-0.010611682496214593,0
1,0,1,19,0,2,1,2,-1.229971444722038,-1.2686034096834955,0.11923883782077893,-0.20952245260363286,-1.0074645321237332,0
4,0,9,8,0,0,0,2,0.6352211547923955,0.48993626301673243,1.3122204069554313,-1.552252485713761,1.4846675919450634,1
4,0,9,3,0,1,1,2,0.6352211547923955,0.40229946744652306,1.623432990207949,-1.552252485713761,-1.5058909569374925,0
3,0,9,2,0,1,1,2,0.11711209937171958,0.13822832847668692,0.48232018494871637,-0.4540268861602275,-1.5058909569374925,0
4,0,12,20,0,1,1,2,-0.19375333388068602,-0.1258428104931492,1.001007823702913,-0.6977135791363653,-1.5058909569374925,0
3,0,7,10,0,3,1,1,1.4641956434654773,1.1933521320968234,-1.5405616061926506,-1.552252485713761,-0.5090381073099739,0
2,0,5,3,0,3,1,3,-0.40099695604895663,-0.30169677776317194,1.3122204069554313,2.7196243065927606,-0.5090381073099739,0
2,0,3,17,0,0,0,1,-0.9191060114696326,-1.0051126468432632,-1.64429913394349,0.5223553669052369,1.4846675919450634,1
3,0,9,4,0,6,0,1,0.4279775326241249,0.40229946744652306,1.623432990207949,-0.8195569256244342,0.986241167131304,1
3,0,8,0,0,5,1,1,0.8424647769606661,0.8416441975567779,0.5860577126995559,-0.6977135791363653,0.48781474231754474,0
2,1,3,1,0,5,1,1,-0.6082405782172269,-0.477550745033195,-0.6587926203105163,0.7668598004618318,0.48781474231754474,0
2,0,5,21,0,3,1,1,0.2207339104558549,0.22644550017650028,-0.14010498155631967,-1.552252485713761,-0.5090381073099739,0
2,1,6,9,0,2,1,1,0.7388429658765308,0.7540074019865686,0.5341889488241361,-0.8195569256244342,-1.0074645321237332,0
2,1,4,4,0,0,0,2,-0.7118623893013623,-0.7410415078734272,1.2603516430800117,-0.4540268861602275,1.4846675919450634,1
4,1,11,20,1,4,0,1,-0.8154842003854972,-0.6534047123032177,0.43045142107329665,-1.552252485713761,-0.010611682496214593,0
4,1,11,18,0,5,1,2,-0.8154842003854972,-0.6534047123032177,-0.08823621768089995,-1.552252485713761,0.48781474231754474,0
3,0,7,2,0,3,1,1,1.0497083991289362,1.1057153365266141,1.1047453514537524,-1.552252485713761,-0.5090381073099739,0
3,1,7,9,0,4,1,2,1.360573832381342,1.3692060993668462,-0.24384250930715912,0.7668598004618318,-0.010611682496214593,0
3,0,8,15,0,3,1,1,1.8786828878020179,1.545060066636869,-1.6961678978189099,1.1332075805064954,-0.5090381073099739,0
4,1,12,19,0,4,1,1,-1.0227278225537677,-1.0051126468432632,-0.9181364396876146,-0.20952245260363286,-0.010611682496214593,0
4,0,10,0,0,2,1,1,-0.2973751449648213,-0.21347960606335856,0.741664004325815,-0.4540268861602275,-1.0074645321237332,0
2,1,5,18,0,1,1,2,0.5315993437082602,0.8416441975567779,-0.5031863286842572,1.376894273482633,-1.5058909569374925,0
1,0,2,0,0,4,1,1,-1.5408368779744437,-1.796165311493564,-1.1774802590647129,2.1095898335719596,-0.010611682496214593,0
1,0,3,8,0,4,1,3,-0.6082405782172269,-0.477550745033195,-3.2522308140815,0.7668598004618318,-0.010611682496214593,0
3,1,7,5,0,1,1,2,1.1533302102130714,1.1057153365266141,-0.6069238564350966,-1.552252485713761,-1.5058909569374925,0
1,0,3,8,0,6,0,2,-1.0227278225537677,-1.180966614113286,1.9346455734604673,0.8887031469499004,0.986241167131304,1
1,0,2,9,0,3,1,2,-1.3335932558061734,-1.2686034096834955,1.57156422633253,-0.8195569256244342,-0.5090381073099739,0
3,1,8,5,0,3,1,1,0.5315993437082602,0.6657902302867552,0.5341889488241361,0.03416424037250481,-0.5090381073099739,0
1,0,1,19,0,3,1,1,-0.9191060114696326,-1.0927494424134727,-0.29571127318257884,1.8650854000153652,-0.5090381073099739,0
3,1,9,10,0,2,1,3,0.9460865880448014,0.9298613692565912,0.8454015320766545,3.6960065596582257,-1.0074645321237332,0
1,1,2,11,0,6,0,1,-0.9191060114696326,-0.8292586795732405,-0.29571127318257884,-0.4540268861602275,0.986241167131304,1
2,1,3,17,0,4,1,1,0.11711209937171958,0.13822832847668692,-1.2812177868155523,1.6213987070392275,-0.010611682496214593,0
3,1,9,13,0,5,1,1,1.5678174545496126,1.7209140339068922,-0.1919737454317394,0.5223553669052369,0.48781474231754474,0
2,0,5,3,0,5,1,1,-0.2973751449648213,-0.21347960606335856,1.9346455734604673,-1.552252485713761,0.48781474231754474,0
2,1,4,11,0,5,1,1,-0.5046187671330916,-0.3893335733333813,-1.3330865506909721,0.8887031469499004,0.48781474231754474,0
1,1,1,7,0,4,1,2,-1.1263496336379029,-1.0051126468432632,0.9491390598274939,-0.8195569256244342,-0.010611682496214593,0
1,1,3,18,0,3,1,1,0.3243557215399902,0.3140822957467097,-1.1774802590647129,2.2314331800600287,-0.5090381073099739,0
3,0,8,20,0,3,1,1,0.8424647769606661,0.8416441975567779,-0.29571127318257884,-0.4540268861602275,-0.5090381073099739,0
3,1,8,12,0,1,1,1,1.360573832381342,1.3692060993668462,-0.036367453805480225,-1.552252485713761,-1.5058909569374925,0
4,0,10,14,0,0,0,1,0.11711209937171958,0.13822832847668692,-0.39944880093341767,0.2786686739290992,1.4846675919450634,1
2,1,4,23,0,3,1,2,0.013490288287584293,0.050011156776873573,-0.6069238564350966,-0.8195569256244342,-0.5090381073099739,0
1,0,1,7,0,4,1,1,-1.9553241223109845,-1.8843824831933773,-0.4513175648088374,-0.4540268861602275,-0.010611682496214593,0
3,1,7,9,0,3,1,2,1.0497083991289362,1.1057153365266141,0.5860577126995559,-0.4540268861602275,-0.5090381073099739,0
4,0,12,5,0,3,1,2,-1.229971444722038,-1.0051126468432632,0.9491390598274939,-1.552252485713761,-0.5090381073099739,0
1,0,1,7,1,1,0,2,-1.7480805001427142,-1.7085285159233545,-0.6587926203105163,-0.4540268861602275,-1.5058909569374925,0
4,1,10,4,0,5,1,2,0.11711209937171958,0.13822832847668692,1.3122204069554313,-0.20952245260363286,0.48781474231754474,0
1,1,2,17,0,0,0,2,-1.0227278225537677,-1.0927494424134727,-0.710661384185936,0.5223553669052369,1.4846675919450634,1
4,0,10,14,0,5,1,1,0.11711209937171958,0.13822832847668692,-1.0737427313138737,0.8887031469499004,0.48781474231754474,0
2,1,5,23,0,4,1,1,0.5315993437082602,0.48993626301673243,1.0528765875783328,-1.552252485713761,-0.010611682496214593,0
1,0,2,6,1,1,0,2,-0.40099695604895663,-0.30169677776317194,-1.9036429533205883,0.8887031469499004,-1.5058909569374925,0
4,0,11,9,0,6,0,1,-1.0227278225537677,-1.0051126468432632,-0.08823621768089995,-0.20952245260363286,0.986241167131304,1
2,0,6,17,0,4,1,1,2.0859265099702884,1.9849851728767285,-1.3330865506909721,0.5223553669052369,-0.010611682496214593,0
3,0,7,3,0,4,1,1,1.1533302102130714,1.1057153365266141,-0.4513175648088374,-1.552252485713761,-0.010611682496214593,0
4,0,11,1,0,0,0,2,-0.7118623893013623,-0.7410415078734272,0.17110760169619865,0.03416424037250481,1.4846675919450634,1
2,0,5,19,0,0,0,1,1.1533302102130714,1.2815693037966367,0.5860577126995559,0.5223553669052369,1.4846675919450634,1
4,0,11,15,0,5,1,1,-0.8154842003854972,-0.8292586795732405,-1.7480366616943295,-0.4540268861602275,0.48781474231754474,0
2,1,3,0,0,3,1,1,-0.7118623893013623,-0.8292586795732405,-1.1774802590647129,0.7668598004618318,-0.5090381073099739,0
2,1,5,10,0,3,1,2,0.6352211547923955,0.7540074019865686,0.11923883782077893,0.5223553669052369,-0.5090381073099739,0
1,0,3,23,0,2,1,2,-0.9191060114696326,-0.9168954751434499,1.2603516430800117,-0.20952245260363286,-1.0074645321237332,0
3,0,7,10,0,4,1,2,1.6714392656337473,2.248475935716961,0.43045142107329665,0.2786686739290992,-0.010611682496214593,0
2,1,4,14,0,4,1,1,-0.19375333388068602,-0.1258428104931492,-1.5405616061926506,-0.20952245260363286,-0.010611682496214593,0
2,0,5,17,0,3,1,1,0.7388429658765308,0.8416441975567779,-0.8143989119367755,-0.6977135791363653,-0.5090381073099739,0
3,0,8,10,0,3,1,1,1.0497083991289362,0.9298613692565912,-0.9181364396876146,-0.6977135791363653,-0.5090381073099739,0
4,1,11,16,0,6,0,1,-1.1263496336379029,-1.3568205813833087,-1.2812177868155523,2.1095898335719596,0.986241167131304,1
4,0,11,6,0,3,1,1,-1.0227278225537677,-0.8292586795732405,1.2603516430800117,-1.552252485713761,-0.5090381073099739,0
4,0,9,21,0,4,1,1,0.4279775326241249,0.40229946744652306,-0.34758003705799795,-1.552252485713761,-0.010611682496214593,0
4,0,10,3,0,5,1,1,0.3243557215399902,0.3140822957467097,1.623432990207949,-0.4540268861602275,0.48781474231754474,0
1,1,2,18,0,2,1,1,-0.6082405782172269,-0.477550745033195,-1.1774802590647129,2.1095898335719596,-1.0074645321237332,0
1,0,3,21,0,2,1,1,-1.229971444722038,-1.0051126468432632,-0.34758003705799795,-1.552252485713761,-1.0074645321237332,0
3,1,8,11,0,2,1,1,1.0497083991289362,1.0174981648268007,-0.4513175648088374,-1.552252485713761,-1.0074645321237332,0
1,1,12,6,0,4,1,1,-1.3335932558061734,-1.6203113442235408,0.3785826571978769,2.4751198730361663,-0.010611682496214593,0
1,0,1,12,0,1,1,2,-1.5408368779744437,-1.7085285159233545,-1.1774802590647129,0.7668598004618318,-1.5058909569374925,0
4,0,11,6,0,4,1,3,-0.7118623893013623,-0.7410415078734272,-0.29571127318257884,0.2786686739290992,-0.010611682496214593,0
2,1,6,11,0,5,1,1,1.0497083991289362,0.9298613692565912,-1.0737427313138737,0.5223553669052369,0.48781474231754474,0
4,0,12,0,0,4,1,2,-1.229971444722038,-1.444457376953518,1.2603516430800117,0.8887031469499004,-0.010611682496214593,0
2,1,4,5,0,1,1,1,-0.2973751449648213,-0.21347960606335856,-2.007380481071428,0.03416424037250481,-1.5058909569374925,0
1,0,3,15,0,0,0,1,-0.090131522796551,-0.03762563879333582,-1.2293490229401327,1.1332075805064954,1.4846675919450634,1
3,1,9,4,0,3,1,1,0.013490288287584293,0.050011156776873573,0.48232018494871637,-0.8195569256244342,-0.5090381073099739,0
3,0,6,12,0,1,1,2,1.1533302102130714,1.1057153365266141,-0.4513175648088374,-1.552252485713761,-1.5058909569374925,0
4,1,12,14,0,0,0,1,-0.2973751449648213,-0.21347960606335856,-0.036367453805480225,0.5223553669052369,1.4846675919450634,1
3,1,9,7,0,3,1,1,0.11711209937171958,0.13822832847668692,0.48232018494871637,-1.552252485713761,-0.5090381073099739,0
3,1,8,5,0,4,1,1,0.6352211547923955,0.6657902302867552,0.5341889488241361,-1.552252485713761,-0.010611682496214593,0
2,1,6,18,0,2,1,1,0.5315993437082602,0.8416441975567779,-1.021873967438454,0.03416424037250481,-1.0074645321237332,0
3,0,9,18,0,3,1,3,0.7388429658765308,0.5781534347165458,1.0528765875783328,-0.20952245260363286,-0.5090381073099739,0
2,1,6,5,0,5,1,1,0.013490288287584293,0.050011156776873573,0.48232018494871637,-0.6977135791363653,0.48781474231754474,0
3,0,8,12,0,3,1,1,1.6714392656337473,1.4574232710666595,-1.2812177868155523,0.8887031469499004,-0.5090381073099739,0
2,1,3,0,0,3,1,1,0.11711209937171958,0.13822832847668692,1.3122204069554313,-1.552252485713761,-0.5090381073099739,0
4,1,12,4,0,3,1,1,-1.3335932558061734,-1.3568205813833087,0.6379264765749756,-0.4540268861602275,-0.5090381073099739,0
3,1,9,3,0,1,1,1,0.11711209937171958,0.13822832847668692,0.2748451294470381,0.7668598004618318,-1.5058909569374925,0
3,1,8,19,0,1,1,1,1.2569520212972067,1.1933521320968234,-0.24384250930715912,-0.20952245260363286,-1.5058909569374925,0
4,0,9,7,0,6,0,2,0.3243557215399902,0.3140822957467097,1.3122204069554313,-0.6977135791363653,0.986241167131304,1
2,1,5,20,0,2,1,3,1.0497083991289362,1.0174981648268007,-0.08823621768089995,2.7196243065927606,-1.0074645321237332,0
4,0,11,23,0,2,1,1,-0.7118623893013623,-0.8292586795732405,0.6897952404503953,1.6213987070392275,-1.0074645321237332,0
2,0,4,16,0,0,0,2,0.11711209937171958,0.13822832847668692,0.48232018494871637,-0.20952245260363286,1.4846675919450634,1
3,1,7,12,0,3,1,1,1.360573832381342,1.1057153365266141,-1.5405616061926506,-1.552252485713761,-0.5090381073099739,0
4,0,12,11,0,2,1,3,-0.19375333388068602,-0.1258428104931492,1.623432990207949,0.5223553669052369,-1.0074645321237332,0
1,1,12,12,0,1,1,2,-1.3335932558061734,-1.444457376953518,-0.34758003705799795,0.03416424037250481,-1.5058909569374925,0
4,0,10,2,0,0,0,1,-1.4372150668903083,-1.5326745486533315,1.2603516430800117,0.7668598004618318,1.4846675919450634,1
1,1,2,5,0,6,0,3,-1.4372150668903083,-1.444457376953518,1.57156422633253,-0.20952245260363286,0.986241167131304,1
4,0,10,10,0,6,0,2,-0.2973751449648213,-0.21347960606335856,-0.036367453805480225,-0.6977135791363653,0.986241167131304,1
2,1,4,2,0,5,1,1,-0.8154842003854972,-0.8292586795732405,-0.710661384185936,0.03416424037250481,0.48781474231754474,0
1,0,12,19,0,3,1,2,0.013490288287584293,0.050011156776873573,1.623432990207949,1.1332075805064954,-0.5090381073099739,0
4,0,12,8,0,5,1,1,-1.3335932558061734,-1.0927494424134727,0.9491390598274939,-1.552252485713761,0.48781474231754474,0
3,0,7,19,0,6,0,1,1.2569520212972067,1.0174981648268007,-1.5405616061926506,0.2786686739290992,0.986241167131304,1
1,1,1,3,0,0,0,1,-0.8154842003854972,-0.8292586795732405,-1.0737427313138737,-0.4540268861602275,1.4846675919450634,1
3,0,7,0,0,4,1,2,1.360573832381342,1.545060066636869,0.6379264765749756,0.03416424037250481,-0.010611682496214593,0
3,0,8,4,0,3,1,2,1.360573832381342,1.2815693037966367,-0.5550550925596769,-0.20952245260363286,-0.5090381073099739,0
2,1,6,14,0,5,1,1,1.1533302102130714,1.0174981648268007,-1.2293490229401327,0.03416424037250481,0.48781474231754474,0
2,0,4,19,0,1,1,1,1.1533302102130714,1.1057153365266141,-0.6069238564350966,2.1095898335719596,-1.5058909569374925,0
4,0,9,1,0,4,1,2,0.5315993437082602,0.13822832847668692,1.9346455734604673,0.03416424037250481,-0.010611682496214593,0
4,0,10,23,0,3,1,1,0.013490288287584293,0.050011156776873573,0.741664004325815,-0.6977135791363653,-0.5090381073099739,0
3,0,8,17,0,3,1,1,1.7750610767178827,1.3692060993668462,-1.9036429533205883,0.8887031469499004,-0.5090381073099739,0
4,0,10,10,0,4,1,3,0.3243557215399902,0.3140822957467097,1.9346455734604673,-0.4540268861602275,-0.010611682496214593,0
1,1,12,21,0,5,1,2,-1.3335932558061734,-1.3568205813833087,0.3785826571978769,-0.4540268861602275,0.48781474231754474,0
2,0,4,2,0,1,1,1,-0.6082405782172269,-0.477550745033195,0.17110760169619865,0.5223553669052369,-1.5058909569374925,0
3,1,8,19,0,0,0,1,1.2569520212972067,1.0174981648268007,-1.1774802590647129,-0.4540268861602275,1.4846675919450634,1
2,0,6,18,0,4,1,1,1.2569520212972067,1.0174981648268007,-2.111118008822267,1.6213987070392275,-0.010611682496214593,0
3,1,9,2,0,0,0,1,0.2207339104558549,0.22644550017650028,0.741664004325815,0.7668598004618318,1.4846675919450634,1
3,1,7,16,0,5,1,2,1.5678174545496126,1.3692060993668462,-1.3849553145663918,0.2786686739290992,0.48781474231754474,0
1,0,2,12,0,1,1,2,-0.9191060114696326,-0.7410415078734272,-0.036367453805480225,-1.552252485713761,-1.5058909569374925,0
4,0,9,19,0,1,1,1,0.8424647769606661,0.7540074019865686,1.001007823702913,-0.8195569256244342,-1.5058909569374925,0
4,0,12,1,0,0,0,1,-1.7480805001427142,-1.8843824831933773,-0.1919737454317394,0.2786686739290992,1.4846675919450634,1
3,1,9,2,0,5,1,1,0.11711209937171958,0.13822832847668692,0.48232018494871637,-1.552252485713761,0.48781474231754474,0
2,0,6,19,0,0,0,1,1.0497083991289362,1.1057153365266141,0.5860577126995559,-0.6977135791363653,1.4846675919450634,1
3,0,7,21,0,2,1,1,1.4641956434654773,1.545060066636869,-0.036367453805480225,0.5223553669052369,-1.0074645321237332,0
4,1,10,14,0,5,1,1,0.8424647769606661,0.8416441975567779,-0.08823621768089995,0.5223553669052369,0.48781474231754474,0
4,0,11,7,0,3,1,1,-1.229971444722038,-1.180966614113286,0.9491390598274939,-0.6977135791363653,-0.5090381073099739,0
1,1,1,17,0,0,0,1,-0.6082405782172269,-0.477550745033195,-1.1774802590647129,0.2786686739290992,1.4846675919450634,1
4,1,11,9,0,5,1,1,-1.1263496336379029,-1.0927494424134727,0.6379264765749756,-0.6977135791363653,0.48781474231754474,0
2,0,4,22,0,6,0,3,-0.40099695604895663,-0.30169677776317194,1.9346455734604673,-1.552252485713761,0.986241167131304,1
3,0,7,11,0,1,1,1,1.6714392656337473,1.8091312056067057,-0.34758003705799795,0.8887031469499004,-1.5058909569374925,0
1,0,2,18,0,1,1,1,-0.5046187671330916,-0.3893335733333813,-1.1774802590647129,3.451502126101631,-1.5058909569374925,0
1,1,1,16,0,3,1,2,-0.8154842003854972,-0.9168954751434499,1.2603516430800117,0.5223553669052369,-0.5090381073099739,0
1,1,1,7,0,2,1,3,-1.0227278225537677,-1.0927494424134727,0.9491390598274939,0.2786686739290992,-1.0074645321237332,0
3,0,9,18,0,0,0,1,1.360573832381342,1.4574232710666595,0.17110760169619865,0.03416424037250481,1.4846675919450634,1
4,0,11,22,0,4,1,1,-1.229971444722038,-1.3568205813833087,-0.5550550925596769,0.5223553669052369,-0.010611682496214593,0
1,0,1,16,0,4,1,2,-1.0227278225537677,-1.0051126468432632,-0.710661384185936,-0.4540268861602275,-0.010611682496214593,0
4,0,12,12,0,0,0,1,-0.7118623893013623,-0.7410415078734272,0.9491390598274939,-0.20952245260363286,1.4846675919450634,1
1,0,2,9,0,0,0,2,-1.3335932558061734,-1.444457376953518,-0.14010498155631967,0.2786686739290992,1.4846675919450634,1
3,0,9,8,0,0,0,1,-0.19375333388068602,-0.1258428104931492,0.48232018494871637,0.5223553669052369,1.4846675919450634,1
2,1,5,22,0,0,0,1,0.3243557215399902,0.3140822957467097,0.5341889488241361,-0.20952245260363286,1.4846675919450634,1
3,1,8,22,0,0,0,1,1.0497083991289362,1.0174981648268007,-0.24384250930715912,-0.4540268861602275,1.4846675919450634,1
1,1,1,10,0,2,1,2,-0.9191060114696326,-0.9168954751434499,-0.29571127318257884,0.03416424037250481,-1.0074645321237332,0
1,0,12,21,0,4,1,2,-1.1263496336379029,-1.0927494424134727,-0.08823621768089995,-0.4540268861602275,-0.010611682496214593,0
3,1,7,12,0,1,1,2,1.2569520212972067,1.1933521320968234,-0.24384250930715912,-0.4540268861602275,-1.5058909569374925,0
4,1,11,23,0,0,0,2,-1.0227278225537677,-1.0051126468432632,-0.34758003705799795,-0.20952245260363286,1.4846675919450634,1
1,1,2,23,0,5,1,2,-1.0227278225537677,-0.9168954751434499,0.3785826571978769,-0.8195569256244342,0.48781474231754474,0
2,1,3,12,0,6,0,3,0.11711209937171958,0.13822832847668692,1.623432990207949,0.2786686739290992,0.986241167131304,1
4,1,11,7,0,0,0,2,-1.4372150668903083,-1.3568205813833087,-0.6069238564350966,-0.6977135791363653,1.4846675919450634,1
3,1,6,16,0,0,0,1,1.7750610767178827,1.4574232710666595,-1.6961678978189099,0.5223553669052369,1.4846675919450634,1
3,1,9,8,0,3,1,1,0.11711209937171958,0.13822832847668692,-0.1919737454317394,0.2786686739290992,-0.5090381073099739,0
4,1,12,5,0,0,0,2,-1.229971444722038,-1.0051126468432632,1.57156422633253,-1.552252485713761,1.4846675919450634,1
4,1,9,17,0,6,0,1,0.5315993437082602,0.8416441975567779,-1.2812177868155523,1.376894273482633,0.986241167131304,1
2,0,4,23,0,0,0,3,0.2207339104558549,0.22644550017650028,1.9346455734604673,-0.8195569256244342,1.4846675919450634,1
2,0,4,1,0,5,1,1,-0.7118623893013623,-0.8292586795732405,-0.5031863286842572,0.5223553669052369,0.48781474231754474,0
3,0,7,6,0,2,1,1,0.9460865880448014,0.9298613692565912,1.0528765875783328,0.2786686739290992,-1.0074645321237332,0
1,1,3,10,0,2,1,1,-1.3335932558061734,-1.2686034096834955,-0.9700052035630343,-1.552252485713761,-1.0074645321237332,0
2,0,5,9,0,3,1,1,0.11711209937171958,0.13822832847668692,0.48232018494871637,-0.4540268861602275,-0.5090381073099739,0
2,0,4,15,0,5,1,3,-0.8154842003854972,-0.8292586795732405,1.2603516430800117,0.03416424037250481,0.48781474231754474,0
4,0,10,0,0,6,0,1,-0.19375333388068602,-0.1258428104931492,-0.39944880093341767,-0.6977135791363653,0.986241167131304,1
3,0,7,7,0,3,1,1,1.1533302102130714,1.1057153365266141,-0.7625301480613558,0.5223553669052369,-0.5090381073099739,0
2,0,3,20,0,3,1,3,-1.3335932558061734,-1.5326745486533315,1.57156422633253,0.8887031469499004,-0.5090381073099739,0
1,1,2,11,1,1,0,1,-1.229971444722038,-1.444457376953518,-0.7625301480613558,1.376894273482633,-1.5058909569374925,0
3,0,7,14,0,6,0,1,2.0859265099702884,1.8091312056067057,-1.7480366616943295,-1.552252485713761,0.986241167131304,1
2,0,6,1,0,1,1,1,0.5315993437082602,0.48993626301673243,1.0528765875783328,-0.4540268861602275,-1.5058909569374925,0
3,1,9,3,0,0,0,1,0.8424647769606661,0.6657902302867552,1.3640891708308511,-0.8195569256244342,1.4846675919450634,1
3,0,8,11,0,4,1,1,1.360573832381342,1.1057153365266141,-1.4368240784418116,0.5223553669052369,-0.010611682496214593,0
4,1,11,11,0,4,1,2,-0.8154842003854972,-0.8292586795732405,-0.08823621768089995,-0.4540268861602275,-0.010611682496214593,0
1,0,2,9,1,1,0,2,-0.9191060114696326,-1.0051126468432632,-0.29571127318257884,0.7668598004618318,-1.5058909569374925,0
1,1,3,6,0,6,0,2,-0.7118623893013623,-0.6534047123032177,1.57156422633253,-0.8195569256244342,0.986241167131304,1
3,1,9,23,0,4,1,1,0.2207339104558549,0.22644550017650028,0.2748451294470381,-0.6977135791363653,-0.010611682496214593,0
2,1,5,22,0,6,0,1,0.7388429658765308,0.8416441975567779,-0.8143989119367755,-1.552252485713761,0.986241167131304,1
1,1,2,13,0,4,1,2,-0.40099695604895663,-0.30169677776317194,0.741664004325815,-1.552252485713761,-0.010611682496214593,0
4,1,12,21,0,5,1,2,-0.7118623893013623,-0.6534047123032177,1.57156422633253,-0.6977135791363653,0.48781474231754474,0
1,0,2,11,0,0,0,2,-1.0227278225537677,-1.0051126468432632,-1.5405616061926506,-0.20952245260363286,1.4846675919450634,1
1,1,2,3,0,5,1,1,-1.229971444722038,-1.0927494424134727,-0.34758003705799795,-0.8195569256244342,0.48781474231754474,0
2,0,4,7,0,1,1,1,-0.19375333388068602,-0.1258428104931492,0.01550131006993949,-1.552252485713761,-1.5058909569374925,0
2,1,4,11,0,0,0,3,-0.6082405782172269,-0.477550745033195,1.2603516430800117,0.8887031469499004,1.4846675919450634,1
1,1,12,6,0,5,1,1,-1.4372150668903083,-1.5326745486533315,0.06737007394535921,0.7668598004618318,0.48781474231754474,0
2,1,5,18,1,1,0,1,1.5678174545496126,1.7209140339068922,-0.1919737454317394,0.8887031469499004,-1.5058909569374925,0
4,1,11,0,0,5,1,2,-0.9191060114696326,-0.8292586795732405,0.17110760169619865,-0.6977135791363653,0.48781474231754474,0
1,0,1,1,0,3,1,3,-1.4372150668903083,-1.444457376953518,1.57156422633253,-0.4540268861602275,-0.5090381073099739,0
2,0,4,14,0,0,0,1,-0.19375333388068602,-0.1258428104931492,-1.64429913394349,-0.4540268861602275,1.4846675919450634,1
4,0,11,11,0,3,1,3,-0.19375333388068602,-0.1258428104931492,1.623432990207949,-0.8195569256244342,-0.5090381073099739,0
4,0,9,9,0,5,1,3,0.6352211547923955,0.22644550017650028,1.9346455734604673,-0.4540268861602275,0.48781474231754474,0
4,0,10,20,0,6,0,1,0.013490288287584293,0.050011156776873573,-0.7625301480613558,-0.4540268861602275,0.986241167131304,1
1,0,1,12,0,5,1,2,-1.5408368779744437,-1.6203113442235408,-1.3330865506909721,0.5223553669052369,0.48781474231754474,0
4,0,12,12,0,4,1,1,-0.7118623893013623,-0.7410415078734272,-0.8662676758121949,0.2786686739290992,-0.010611682496214593,0
4,1,10,1,0,2,1,1,-0.2973751449648213,-0.21347960606335856,0.22297636557161837,0.03416424037250481,-1.0074645321237332,0
4,1,10,17,0,0,0,3,-0.5046187671330916,-0.3893335733333813,1.001007823702913,0.2786686739290992,1.4846675919450634,1
1,0,1,2,0,3,1,1,-1.7480805001427142,-1.6203113442235408,0.5860577126995559,-0.8195569256244342,-0.5090381073099739,0
2,1,4,16,0,5,1,1,0.8424647769606661,0.8416441975567779,-0.9700052035630343,0.03416424037250481,0.48781474231754474,0
4,1,9,6,0,1,1,1,-0.19375333388068602,-0.1258428104931492,-0.1919737454317394,-1.552252485713761,-1.5058909569374925,0
2,1,5,13,0,3,1,2,0.7388429658765308,0.8416441975567779,-0.5031863286842572,0.5223553669052369,-0.5090381073099739,0
1,1,1,0,0,1,1,1,-1.3335932558061734,-1.444457376953518,-0.14010498155631967,0.2786686739290992,-1.5058909569374925,0
3,0,6,19,0,6,0,1,1.1533302102130714,1.1057153365266141,-0.7625301480613558,0.7668598004618318,0.986241167131304,1
1,1,3,13,0,1,1,2,0.2207339104558549,0.22644550017650028,-1.5924303700680704,0.5223553669052369,-1.5058909569374925,0
2,0,6,17,0,3,1,1,1.8786828878020179,1.896768001176915,-0.8143989119367755,0.8887031469499004,-0.5090381073099739,0
2,0,4,7,0,6,0,2,-1.0227278225537677,-1.0051126468432632,1.57156422633253,-0.20952245260363286,0.986241167131304,1
1,0,1,12,0,1,1,1,-1.4372150668903083,-1.5326745486533315,-1.4368240784418116,0.8887031469499004,-1.5058909569374925,0
2,0,6,15,0,4,1,2,1.0497083991289362,1.0174981648268007,-0.08823621768089995,0.8887031469499004,-0.010611682496214593,0
1,1,3,17,0,4,1,1,0.6352211547923955,0.8416441975567779,-1.2812177868155523,3.817849906146294,-0.010611682496214593,0
4,0,11,1,0,0,0,1,-0.7118623893013623,-0.565187540603404,0.9491390598274939,-1.552252485713761,1.4846675919450634,1
2,1,5,6,0,0,0,1,0.11711209937171958,0.13822832847668692,0.2748451294470381,-0.20952245260363286,1.4846675919450634,1
2,0,3,14,0,0,0,1,-0.9191060114696326,-0.9168954751434499,-1.3849553145663918,-0.20952245260363286,1.4846675919450634,1
3,1,8,1,0,1,1,1,0.5315993437082602,0.48993626301673243,1.0528765875783328,-0.20952245260363286,-1.5058909569374925,0
3,1,9,7,0,0,0,1,0.013490288287584293,0.050011156776873573,0.741664004325815,-0.6977135791363653,1.4846675919450634,1
1,0,12,22,0,3,1,1,0.013490288287584293,0.050011156776873573,1.3122204069554313,0.5223553669052369,-0.5090381073099739,0
3,0,8,8,0,1,1,1,1.2569520212972067,1.1933521320968234,-0.24384250930715912,1.1332075805064954,-1.5058909569374925,0
4,0,11,16,0,3,1,2,-0.5046187671330916,-0.3893335733333813,-0.036367453805480225,2.2314331800600287,-0.5090381073099739,0
3,1,6,5,0,4,1,1,1.0497083991289362,1.1057153365266141,1.1047453514537524,-0.6977135791363653,-0.010611682496214593,0
1,1,2,15,0,3,1,3,-1.0227278225537677,-0.9168954751434499,-0.08823621768089995,-0.6977135791363653,-0.5090381073099739,0
1,1,12,23,0,3,1,3,-1.229971444722038,-1.444457376953518,1.2603516430800117,0.8887031469499004,-0.5090381073099739,0
2,0,4,2,0,3,1,1,-1.3335932558061734,-1.3568205813833087,0.3785826571978769,-0.4540268861602275,-0.5090381073099739,0
2,1,4,6,0,2,1,1,0.5315993437082602,0.8416441975567779,-0.8662676758121949,0.5223553669052369,-1.0074645321237332,0
2,1,5,1,0,6,0,1,0.7388429658765308,0.5781534347165458,1.0528765875783328,-0.4540268861602275,0.986241167131304,1
1,1,2,16,0,0,0,1,-1.0227278225537677,-1.0927494424134727,-0.34758003705799795,0.2786686739290992,1.4846675919450634,1
3,1,8,17,0,0,0,1,1.5678174545496126,1.2815693037966367,-1.5405616061926506,-1.552252485713761,1.4846675919450634,1
3,1,8,3,0,4,1,1,0.9460865880448014,0.9298613692565912,1.0528765875783328,-0.8195569256244342,-0.010611682496214593,0
4,0,11,1,1,4,0,1,-0.9191060114696326,-1.0927494424134727,-0.29571127318257884,1.8650854000153652,-0.010611682496214593,0
4,1,10,3,1,1,0,1,-0.8154842003854972,-0.7410415078734272,0.9491390598274939,-0.6977135791363653,-1.5058909569374925,0
4,0,11,17,0,2,1,1,-0.2973751449648213,-0.21347960606335856,-0.4513175648088374,-0.20952245260363286,-1.0074645321237332,0
3,1,6,12,0,5,1,2,2.1895483210544238,2.336693107416774,-1.1774802590647129,0.5223553669052369,0.48781474231754474,0
3,0,9,4,0,0,0,1,-0.2973751449648213,-0.21347960606335856,0.741664004325815,0.2786686739290992,1.4846675919450634,1
2,1,5,13,0,3,1,1,1.1533302102130714,1.0174981648268007,-1.0737427313138737,-1.552252485713761,-0.5090381073099739,0
2,1,6,9,0,6,0,1,0.7388429658765308,0.8416441975567779,-0.29571127318257884,-0.20952245260363286,0.986241167131304,1
2,0,5,21,0,6,0,1,0.6352211547923955,0.7540074019865686,-0.08823621768089995,-0.6977135791363653,0.986241167131304,1
4,0,10,18,0,3,1,1,0.5315993437082602,0.8416441975567779,-0.5031863286842572,-0.20952245260363286,-0.5090381073099739,0
3,0,9,8,0,0,0,1,0.8424647769606661,0.7540074019865686,0.7935327682012348,-0.20952245260363286,1.4846675919450634,1
1,1,2,7,0,6,0,1,-1.3335932558061734,-1.0927494424134727,0.3785826571978769,-1.552252485713761,0.986241167131304,1
4,1,10,19,0,4,1,2,0.3243557215399902,0.3140822957467097,0.2748451294470381,0.8887031469499004,-0.010611682496214593,0
1,0,1,11,0,3,1,1,-1.229971444722038,-1.444457376953518,-1.5405616061926506,1.1332075805064954,-0.5090381073099739,0
3,0,8,7,0,2,1,1,0.7388429658765308,0.7540074019865686,0.3267138933224572,0.5223553669052369,-1.0074645321237332,0
2,1,6,15,0,5,1,1,1.1533302102130714,1.0174981648268007,-1.2293490229401327,0.03416424037250481,0.48781474231754474,0
3,0,7,23,0,2,1,3,1.1533302102130714,1.2815693037966367,0.8454015320766545,-0.20952245260363286,-1.0074645321237332,0
4,0,12,10,0,4,1,2,-0.5046187671330916,-0.3893335733333813,-0.24384250930715912,0.8887031469499004,-0.010611682496214593,0
2,1,6,23,0,5,1,1,0.6352211547923955,0.8416441975567779,-0.5031863286842572,0.5223553669052369,0.48781474231754474,0
3,1,7,9,0,0,0,1,1.8786828878020179,1.9849851728767285,-0.6587926203105163,-0.6977135791363653,1.4846675919450634,1
2,1,6,1,0,2,1,2,0.5315993437082602,0.5781534347165458,0.7935327682012348,-0.20952245260363286,-1.0074645321237332,0
2,0,5,15,0,6,0,1,1.2569520212972067,1.1933521320968234,-0.39944880093341767,0.2786686739290992,0.986241167131304,1
4,1,10,10,0,0,0,1,0.013490288287584293,0.050011156776873573,-0.7625301480613558,0.8887031469499004,1.4846675919450634,1
2,0,4,21,0,3,1,1,0.8424647769606661,0.8416441975567779,-1.3849553145663918,0.7668598004618318,-0.5090381073099739,0
3,1,8,0,0,0,0,1,0.8424647769606661,0.8416441975567779,-0.29571127318257884,-0.8195569256244342,1.4846675919450634,1
4,1,11,21,0,3,1,2,-0.9191060114696326,-1.0051126468432632,-0.710661384185936,0.8887031469499004,-0.5090381073099739,0
4,1,10,18,0,0,0,3,-0.5046187671330916,-0.3893335733333813,1.001007823702913,0.03416424037250481,1.4846675919450634,1
3,1,7,14,0,5,1,1,2.0859265099702884,1.896768001176915,-1.64429913394349,-0.20952245260363286,0.48781474231754474,0
4,1,12,22,0,4,1,3,-0.8154842003854972,-0.8292586795732405,1.2603516430800117,0.03416424037250481,-0.010611682496214593,0
4,1,12,16,0,5,1,1,-0.7118623893013623,-0.7410415078734272,0.6897952404503953,-0.4540268861602275,0.48781474231754474,0
1,0,1,23,0,6,0,1,-1.7480805001427142,-1.6203113442235408,0.8972702959520742,-0.8195569256244342,0.986241167131304,1
3,1,7,1,0,2,1,1,1.2569520212972067,1.2815693037966367,0.3785826571978769,-1.552252485713761,-1.0074645321237332,0
1,1,3,7,0,4,1,1,-0.2973751449648213,-0.21347960606335856,0.48232018494871637,-0.8195569256244342,-0.010611682496214593,0
2,0,4,4,0,1,1,1,-0.5046187671330916,-0.3893335733333813,1.2603516430800117,-0.20952245260363286,-1.5058909569374925,0
3,1,8,15,0,5,1,1,1.8786828878020179,-1.3568205813833087,-1.6961678978189099,2.2314331800600287,0.48781474231754474,0
2,1,6,5,0,4,1,1,-0.090131522796551,-0.03762563879333582,1.001007823702913,-0.8195569256244342,-0.010611682496214593,0
1,1,3,16,0,1,1,1,-1.0227278225537677,-1.180966614113286,-0.9181364396876146,0.8887031469499004,-1.5058909569374925,0
2,1,4,8,0,5,1,1,-0.2973751449648213,-0.21347960606335856,1.623432990207949,-1.552252485713761,0.48781474231754474,0
2,1,5,11,0,4,1,1,0.4279775326241249,0.40229946744652306,-0.710661384185936,0.2786686739290992,-0.010611682496214593,0
1,1,1,14,0,0,0,1,-0.5046187671330916,-0.3893335733333813,-1.1774802590647129,0.03416424037250481,1.4846675919450634,1
4,1,11,16,0,1,1,1,-0.7118623893013623,-0.8292586795732405,-1.021873967438454,0.7668598004618318,-1.5058909569374925,0
4,0,10,4,0,3,1,3,0.013490288287584293,0.050011156776873573,1.623432990207949,0.03416424037250481,-0.5090381073099739,0
2,1,3,13,0,6,0,1,0.2207339104558549,0.22644550017650028,-0.14010498155631967,-0.4540268861602275,0.986241167131304,1
4,0,12,13,0,0,0,1,-1.0227278225537677,-0.8292586795732405,-1.64429913394349,-1.552252485713761,1.4846675919450634,1
2,1,6,12,0,1,1,2,1.5678174545496126,1.4574232710666595,-1.021873967438454,0.03416424037250481,-1.5058909569374925,0
4,0,10,11,0,2,1,1,0.11711209937171958,0.13822832847668692,-0.7625301480613558,0.7668598004618318,-1.0074645321237332,0
1,1,12,7,0,6,0,1,-1.229971444722038,-1.444457376953518,-0.9700052035630343,1.8650854000153652,0.986241167131304,1
2,0,4,4,0,4,1,2,0.6352211547923955,0.5781534347165458,1.0528765875783328,1.8650854000153652,-0.010611682496214593,0
3,0,8,13,0,5,1,1,1.4641956434654773,1.1933521320968234,-1.7480366616943295,-0.8195569256244342,0.48781474231754474,0
2,0,5,14,0,0,0,1,1.2569520212972067,1.2815693037966367,0.3785826571978769,0.7668598004618318,1.4846675919450634,1
2,0,5,16,0,1,1,1,0.8424647769606661,0.8416441975567779,-0.08823621768089995,0.2786686739290992,-1.5058909569374925,0
1,1,2,22,0,0,0,3,-1.3335932558061734,-1.2686034096834955,0.6379264765749756,-0.8195569256244342,1.4846675919450634,1
2,1,6,15,0,1,1,1,0.8424647769606661,0.8416441975567779,-1.2293490229401327,0.8887031469499004,-1.5058909569374925,0
4,1,12,3,0,1,1,2,-0.7118623893013623,-0.565187540603404,1.57156422633253,-1.552252485713761,-1.5058909569374925,0
3,1,8,22,0,1,1,2,0.5315993437082602,0.48993626301673243,1.0528765875783328,-1.552252485713761,-1.5058909569374925,0
4,0,11,1,0,4,1,1,-0.8154842003854972,-0.8292586795732405,0.9491390598274939,-0.4540268861602275,-0.010611682496214593,0
2,1,6,4,0,1,1,1,0.7388429658765308,0.6657902302867552,0.7935327682012348,-0.4540268861602275,-1.5058909569374925,0
2,0,3,10,0,1,1,1,-1.3335932558061734,-1.444457376953518,-1.6961678978189099,0.03416424037250481,-1.5058909569374925,0
1,0,12,7,0,6,0,3,-0.6082405782172269,-0.477550745033195,0.6897952404503953,-1.552252485713761,0.986241167131304,1
1,0,3,20,0,5,1,2,-1.0227278225537677,-1.0927494424134727,0.3785826571978769,0.03416424037250481,0.48781474231754474,0
3,1,7,3,0,2,1,1,1.1533302102130714,1.1933521320968234,0.17110760169619865,-1.552252485713761,-1.0074645321237332,0
2,1,4,3,0,4,1,2,-0.090131522796551,-0.03762563879333582,-0.39944880093341767,-0.8195569256244342,-0.010611682496214593,0
4,0,10,6,0,3,1,2,0.2207339104558549,0.22644550017650028,1.3122204069554313,0.5223553669052369,-0.5090381073099739,0
3,0,6,16,0,4,1,2,1.2569520212972067,1.1933521320968234,-0.036367453805480225,0.8887031469499004,-0.010611682496214593,0
3,0,7,23,0,5,1,2,0.8424647769606661,0.7540074019865686,0.7935327682012348,-0.8195569256244342,0.48781474231754474,0
4,1,10,22,0,3,1,1,0.8424647769606661,0.8416441975567779,0.5860577126995559,-1.552252485713761,-0.5090381073099739,0
3,0,8,11,0,1,1,1,1.9823046988861532,1.7209140339068922,-1.5924303700680704,-0.20952245260363286,-1.5058909569374925,0
4,1,10,20,0,3,1,2,-0.5046187671330916,-0.3893335733333813,-0.6587926203105163,0.03416424037250481,-0.5090381073099739,0
3,0,6,23,0,0,0,1,1.0497083991289362,1.0174981648268007,-0.4513175648088374,-0.8195569256244342,1.4846675919450634,1
2,1,5,17,0,4,1,1,1.2569520212972067,1.1933521320968234,-0.39944880093341767,0.7668598004618318,-0.010611682496214593,0
2,0,4,10,0,4,1,1,0.013490288287584293,0.050011156776873573,-0.6069238564350966,0.03416424037250481,-0.010611682496214593,0
3,1,7,3,0,5,1,2,0.8424647769606661,0.6657902302867552,1.3640891708308511,-0.6977135791363653,0.48781474231754474,0
1,0,3,17,0,1,1,1,-0.8154842003854972,-1.0051126468432632,-1.7480366616943295,1.376894273482633,-1.5058909569374925,0
3,0,9,3,0,0,0,1,0.7388429658765308,0.5781534347165458,1.3640891708308511,0.03416424037250481,1.4846675919450634,1
2,0,3,18,0,1,1,1,-0.9191060114696326,-1.0051126468432632,-2.162986772697687,0.7668598004618318,-1.5058909569374925,0
3,1,7,5,0,6,0,1,0.9460865880448014,0.9298613692565912,0.8454015320766545,-0.20952245260363286,0.986241167131304,1
3,0,7,14,0,0,0,1,1.8786828878020179,1.9849851728767285,-0.6587926203105163,0.7668598004618318,1.4846675919450634,1
2,0,6,12,0,3,1,1,1.9823046988861532,1.9849851728767285,-1.0737427313138737,-0.4540268861602275,-0.5090381073099739,0
2,1,4,23,0,5,1,1,-0.5046187671330916,-0.3893335733333813,-1.1774802590647129,0.5223553669052369,0.48781474231754474,0
1,1,2,18,0,5,1,1,-0.5046187671330916,-0.3893335733333813,-1.4368240784418116,0.5223553669052369,0.48781474231754474,0
4,0,11,7,0,2,1,1,-1.0227278225537677,-0.9168954751434499,1.2603516430800117,-0.6977135791363653,-1.0074645321237332,0
2,0,5,16,0,3,1,1,0.013490288287584293,0.050011156776873573,-0.9181364396876146,2.2314331800600287,-0.5090381073099739,0
3,0,7,19,0,5,1,1,1.4641956434654773,1.1057153365266141,-1.9555117171960081,0.03416424037250481,0.48781474231754474,0
2,1,4,13,0,4,1,2,0.013490288287584293,0.050011156776873573,1.001007823702913,-0.20952245260363286,-0.010611682496214593,0
2,0,3,11,0,2,1,2,-0.8154842003854972,-1.0051126468432632,-1.9555117171960081,1.6213987070392275,-1.0074645321237332,0
3,0,9,7,0,3,1,2,0.2207339104558549,0.22644550017650028,1.9346455734604673,0.03416424037250481,-0.5090381073099739,0
1,1,2,8,0,0,0,2,-1.3335932558061734,-1.3568205813833087,0.6379264765749756,-0.20952245260363286,1.4846675919450634,1
1,1,2,14,0,4,1,1,0.2207339104558549,0.22644550017650028,-1.3330865506909721,0.5223553669052369,-0.010611682496214593,0
1,1,2,21,0,6,0,1,-1.8517023112268494,-2.3237272133036324,-1.021873967438454,3.6960065596582257,0.986241167131304,1
3,0,7,15,0,5,1,1,1.6714392656337473,1.2815693037966367,-2.162986772697687,0.5223553669052369,0.48781474231754474,0
4,1,10,15,0,1,1,2,0.6352211547923955,0.8416441975567779,-1.021873967438454,-0.4540268861602275,-1.5058909569374925,0
3,0,8,16,0,2,1,1,2.0859265099702884,1.7209140339068922,-1.9555117171960081,0.7668598004618318,-1.0074645321237332,0
1,1,1,8,0,2,1,3,-1.0227278225537677,-1.0927494424134727,0.9491390598274939,0.7668598004618318,-1.0074645321237332,0
3,1,7,8,0,4,1,1,0.9460865880448014,0.9298613692565912,0.11923883782077893,-0.4540268861602275,-0.010611682496214593,0
4,0,10,6,0,3,1,1,-0.40099695604895663,-0.30169677776317194,0.43045142107329665,0.2786686739290992,-0.5090381073099739,0
2,1,4,14,0,5,1,1,-0.19375333388068602,-0.1258428104931492,-1.5405616061926506,1.1332075805064954,0.48781474231754474,0
3,1,8,3,0,4,1,1,0.6352211547923955,0.5781534347165458,1.0528765875783328,-0.8195569256244342,-0.010611682496214593,0
3,0,9,5,0,2,1,3,0.2207339104558549,0.22644550017650028,1.3122204069554313,1.376894273482633,-1.0074645321237332,0
1,1,2,11,0,6,0,1,-1.0227278225537677,-1.2686034096834955,-1.2293490229401327,3.451502126101631,0.986241167131304,1
4,1,12,15,0,3,1,1,-0.40099695604895663,-0.30169677776317194,-0.6587926203105163,0.7668598004618318,-0.5090381073099739,0
2,1,5,3,0,6,0,1,-0.090131522796551,-0.03762563879333582,-0.1919737454317394,-1.552252485713761,0.986241167131304,1
2,1,5,18,0,4,1,1,1.2569520212972067,1.0174981648268007,-1.6961678978189099,0.03416424037250481,-0.010611682496214593,0
1,1,1,2,0,6,0,1,-1.229971444722038,-1.0051126468432632,-0.14010498155631967,-1.552252485713761,0.986241167131304,1
3,1,8,21,0,4,1,2,1.0497083991289362,1.0174981648268007,-0.24384250930715912,-0.20952245260363286,-0.010611682496214593,0
2,1,4,1,0,6,0,1,-0.7118623893013623,-0.8292586795732405,-0.6587926203105163,0.8887031469499004,0.986241167131304,1
4,0,9,16,0,6,0,2,0.7388429658765308,0.6657902302867552,0.7935327682012348,-0.8195569256244342,0.986241167131304,1
4,0,12,9,0,6,0,2,-1.229971444722038,-1.3568205813833087,-0.34758003705799795,0.5223553669052369,0.986241167131304,1
2,0,6,10,0,6,0,1,1.2569520212972067,1.1933521320968234,-0.24384250930715912,-0.20952245260363286,0.986241167131304,1
1,0,2,13,0,2,1,2,-1.5408368779744437,-1.2686034096834955,1.2084828792045919,-1.552252485713761,-1.0074645321237332,0
4,0,12,1,0,2,1,1,-0.7118623893013623,-0.565187540603404,-0.5031863286842572,-1.552252485713761,-1.0074645321237332,0
1,0,2,9,0,6,0,1,-0.5046187671330916,-0.3893335733333813,-2.422330592074785,3.817849906146294,0.986241167131304,1
4,1,10,14,0,4,1,1,0.5315993437082602,0.6657902302867552,0.5341889488241361,-0.4540268861602275,-0.010611682496214593,0
2,0,4,0,0,4,1,1,0.3243557215399902,0.3140822957467097,-1.021873967438454,1.376894273482633,-0.010611682496214593,0
3,0,9,2,0,4,1,1,0.4279775326241249,0.40229946744652306,0.7935327682012348,-0.8195569256244342,-0.010611682496214593,0
3,1,7,9,0,6,0,2,0.4279775326241249,0.40229946744652306,1.0528765875783328,0.03416424037250481,0.986241167131304,1
3,1,7,9,0,2,1,1,1.2569520212972067,1.2815693037966367,0.17110760169619865,-0.4540268861602275,-1.0074645321237332,0
3,0,8,14,0,1,1,1,1.2569520212972067,1.0174981648268007,-1.6961678978189099,1.6213987070392275,-1.5058909569374925,0
4,1,11,1,0,2,1,3,-0.2973751449648213,-0.21347960606335856,1.3122204069554313,3.6960065596582257,-1.0074645321237332,0
1,0,2,23,0,0,0,2,-0.7118623893013623,-0.7410415078734272,-0.036367453805480225,-0.20952245260363286,1.4846675919450634,1
3,0,9,19,0,4,1,2,0.7388429658765308,0.5781534347165458,1.3640891708308511,-0.8195569256244342,-0.010611682496214593,0
3,1,8,14,0,5,1,1,2.0859265099702884,1.7209140339068922,-1.9555117171960081,0.2786686739290992,0.48781474231754474,0
4,0,12,22,0,6,0,2,-0.9191060114696326,-0.8292586795732405,-0.08823621768089995,-0.8195569256244342,0.986241167131304,1
2,0,5,16,0,2,1,1,2.0859265099702884,2.072621968446938,-1.2293490229401327,-0.4540268861602275,-1.0074645321237332,0
3,0,7,19,0,1,1,1,1.7750610767178827,2.072621968446938,-0.1919737454317394,1.1332075805064954,-1.5058909569374925,0
2,1,6,23,0,1,1,1,0.4279775326241249,0.40229946744652306,-0.710661384185936,0.8887031469499004,-1.5058909569374925,0
2,0,6,6,0,5,1,1,0.8424647769606661,0.7540074019865686,0.7935327682012348,-0.8195569256244342,0.48781474231754474,0
4,1,10,14,0,2,1,2,0.2207339104558549,0.22644550017650028,0.06737007394535921,0.03416424037250481,-1.0074645321237332,0
1,1,3,2,0,5,1,3,-0.090131522796551,-0.03762563879333582,0.741664004325815,1.8650854000153652,0.48781474231754474,0
4,1,11,12,0,5,1,2,-0.6082405782172269,-0.477550745033195,-0.8662676758121949,-1.552252485713761,0.48781474231754474,0
4,1,11,10,0,4,1,2,-0.9191060114696326,-0.8292586795732405,0.17110760169619865,-0.4540268861602275,-0.010611682496214593,0
3,1,8,9,0,2,1,2,1.0497083991289362,1.1057153365266141,0.5860577126995559,-1.552252485713761,-1.0074645321237332,0
4,1,12,0,0,1,1,3,-0.7118623893013623,-0.6534047123032177,1.9346455734604673,-0.8195569256244342,-1.5058909569374925,0
3,1,9,3,0,2,1,1,-0.090131522796551,-0.03762563879333582,0.22297636557161837,-0.4540268861602275,-1.0074645321237332,0
1,1,2,17,1,1,0,1,-0.6082405782172269,-0.477550745033195,-1.8517741894451687,0.5223553669052369,-1.5058909569374925,0
3,0,6,18,0,3,1,1,1.5678174545496126,1.2815693037966367,-1.7480366616943295,0.8887031469499004,-0.5090381073099739,0
3,0,9,18,0,5,1,1,1.0497083991289362,1.1057153365266141,0.8454015320766545,0.03416424037250481,0.48781474231754474,0
3,0,7,19,0,0,0,1,1.5678174545496126,1.633277238336683,-0.39944880093341767,1.1332075805064954,1.4846675919450634,1
2,1,6,21,0,0,0,1,0.6352211547923955,0.8416441975567779,-1.021873967438454,-0.20952245260363286,1.4846675919450634,1
1,0,12,22,0,5,1,1,-0.9191060114696326,-0.9168954751434499,0.17110760169619865,0.03416424037250481,0.48781474231754474,0
2,0,4,14,0,2,1,1,1.1533302102130714,1.1057153365266141,-0.24384250930715912,1.1332075805064954,-1.0074645321237332,0
1,0,2,5,0,6,0,1,-1.9553241223109845,-1.796165311493564,0.5860577126995559,-0.8195569256244342,0.986241167131304,1
1,0,2,21,0,0,0,1,-1.229971444722038,-1.0051126468432632,-0.14010498155631967,-1.552252485713761,1.4846675919450634,1
2,0,4,13,0,5,1,1,0.3243557215399902,0.3140822957467097,-1.3330865506909721,0.8887031469499004,0.48781474231754474,0
1,0,1,21,0,3,1,1,-1.7480805001427142,-1.9720192787635866,-0.39944880093341767,1.1332075805064954,-0.5090381073099739,0
3,0,9,17,0,3,1,1,1.360573832381342,1.2815693037966367,-0.5550550925596769,0.7668598004618318,-0.5090381073099739,0
3,1,8,5,0,5,1,1,0.7388429658765308,0.6657902302867552,0.7935327682012348,-1.552252485713761,0.48781474231754474,0
2,0,5,0,0,6,0,1,-0.40099695604895663,-0.30169677776317194,1.001007823702913,-0.4540268861602275,0.986241167131304,1
4,1,11,5,0,5,1,1,-1.3335932558061734,-1.0927494424134727,0.9491390598274939,-1.552252485713761,0.48781474231754474,0
2,0,4,20,0,6,0,2,0.2207339104558549,0.22644550017650028,1.3122204069554313,0.5223553669052369,0.986241167131304,1
2,1,4,2,0,5,1,1,-0.7118623893013623,-0.8292586795732405,-0.6587926203105163,1.6213987070392275,0.48781474231754474,0
2,0,6,2,0,0,0,1,0.9460865880448014,0.9298613692565912,0.5860577126995559,-0.8195569256244342,1.4846675919450634,1
1,0,2,6,0,5,1,1,-2.0589459333951194,-1.7085285159233545,0.2748451294470381,-1.552252485713761,0.48781474231754474,0
2,1,6,7,0,6,0,1,0.2207339104558549,0.22644550017650028,0.2748451294470381,0.03416424037250481,0.986241167131304,1
1,1,2,15,0,3,1,1,-0.40099695604895663,-0.30169677776317194,-1.1256114951892935,0.2786686739290992,-0.5090381073099739,0
1,1,2,2,0,0,0,2,-1.0227278225537677,-1.0927494424134727,-1.3849553145663918,0.7668598004618318,1.4846675919450634,1
4,1,11,8,0,4,1,2,-1.0227278225537677,-1.0927494424134727,-0.08823621768089995,0.2786686739290992,-0.010611682496214593,0
3,1,9,23,0,0,0,1,0.2207339104558549,0.22644550017650028,0.2748451294470381,-0.6977135791363653,1.4846675919450634,1
3,0,8,18,0,3,1,1,1.360573832381342,1.2815693037966367,-0.39944880093341767,0.5223553669052369,-0.5090381073099739,0
1,1,2,23,0,1,1,1,-1.1263496336379029,-0.9168954751434499,-1.1256114951892935,-1.552252485713761,-1.5058909569374925,0
4,0,10,17,0,3,1,2,0.11711209937171958,0.13822832847668692,0.741664004325815,-0.6977135791363653,-0.5090381073099739,0
1,1,12,2,0,1,1,1,-1.5408368779744437,-1.2686034096834955,0.6379264765749756,-1.552252485713761,-1.5058909569374925,0
4,1,11,20,0,6,0,1,-0.2973751449648213,-0.21347960606335856,-0.4513175648088374,-1.552252485713761,0.986241167131304,1
3,1,7,19,0,2,1,1,1.360573832381342,1.3692060993668462,-0.036367453805480225,-0.20952245260363286,-1.0074645321237332,0
4,0,12,21,0,2,1,2,-0.2973751449648213,-0.21347960606335856,1.9346455734604673,0.03416424037250481,-1.0074645321237332,0
2,1,6,21,0,4,1,1,0.7388429658765308,0.7540074019865686,0.11923883782077893,-0.20952245260363286,-0.010611682496214593,0
4,0,12,0,0,6,0,1,-1.0227278225537677,-1.0927494424134727,-0.710661384185936,0.7668598004618318,0.986241167131304,1
2,0,5,10,0,0,0,2,-0.090131522796551,-0.03762563879333582,0.01550131006993949,0.03416424037250481,1.4846675919450634,1
2,1,4,23,0,5,1,1,-0.40099695604895663,-0.30169677776317194,-1.6961678978189099,0.7668598004618318,0.48781474231754474,0
2,1,4,0,0,5,1,1,-0.5046187671330916,-0.3893335733333813,-1.021873967438454,-1.552252485713761,0.48781474231754474,0
2,1,6,12,0,1,1,3,0.3243557215399902,0.3140822957467097,0.7935327682012348,-0.4540268861602275,-1.5058909569374925,0
1,1,1,23,0,0,0,1,-1.7480805001427142,-1.6203113442235408,-1.021873967438454,-0.8195569256244342,1.4846675919450634,1
2,1,5,7,0,3,1,3,0.5315993437082602,0.5781534347165458,0.7935327682012348,0.03416424037250481,-0.5090381073099739,0
2,0,5,0,0,1,1,2,0.3243557215399902,0.3140822957467097,1.3122204069554313,-0.4540268861602275,-1.5058909569374925,0
4,1,12,19,0,1,1,2,-0.40099695604895663,-0.30169677776317194,1.3122204069554313,-0.4540268861602275,-1.5058909569374925,0
2,0,5,21,0,0,0,1,0.9460865880448014,0.9298613692565912,1.0528765875783328,-0.20952245260363286,1.4846675919450634,1
4,1,11,14,0,6,0,2,-0.7118623893013623,-0.8292586795732405,-0.6587926203105163,1.1332075805064954,0.986241167131304,1
4,0,10,2,1,1,0,1,-0.090131522796551,-0.03762563879333582,1.3122204069554313,-1.552252485713761,-1.5058909569374925,0
1,0,2,4,0,5,1,1,-0.19375333388068602,-0.1258428104931492,0.22297636557161837,0.5223553669052369,0.48781474231754474,0
3,0,8,2,0,6,0,1,0.9460865880448014,0.9298613692565912,-0.29571127318257884,-1.552252485713761,0.986241167131304,1
2,0,6,9,0,3,1,1,1.360573832381342,1.3692060993668462,-0.24384250930715912,-0.20952245260363286,-0.5090381073099739,0
4,1,10,0,0,5,1,2,0.2207339104558549,0.22644550017650028,0.741664004325815,-1.552252485713761,0.48781474231754474,0
3,0,8,1,0,1,1,2,0.5315993437082602,0.40229946744652306,1.3122204069554313,-0.4540268861602275,-1.5058909569374925,0
2,0,5,7,0,6,0,1,0.5315993437082602,0.48993626301673243,1.0528765875783328,0.5223553669052369,0.986241167131304,1
1,1,1,1,0,3,1,2,-0.19375333388068602,-0.1258428104931492,0.741664004325815,1.1332075805064954,-0.5090381073099739,0
1,1,2,11,0,4,1,1,-0.090131522796551,-0.03762563879333582,-0.7625301480613558,0.7668598004618318,-0.010611682496214593,0
1,1,2,18,0,1,1,1,-0.8154842003854972,-0.9168954751434499,-1.9555117171960081,0.5223553669052369,-1.5058909569374925,0
1,1,2,1,0,3,1,1,-0.9191060114696326,-0.8292586795732405,-0.710661384185936,-0.6977135791363653,-0.5090381073099739,0
4,0,12,16,0,3,1,3,-0.40099695604895663,-0.30169677776317194,1.623432990207949,0.03416424037250481,-0.5090381073099739,0
2,0,4,3,0,4,1,1,-0.7118623893013623,-0.7410415078734272,0.17110760169619865,0.03416424037250481,-0.010611682496214593,0
4,0,10,22,0,3,1,1,0.11711209937171958,0.13822832847668692,0.48232018494871637,-1.552252485713761,-0.5090381073099739,0
3,1,7,1,0,2,1,1,1.0497083991289362,1.1057153365266141,0.5860577126995559,-0.4540268861602275,-1.0074645321237332,0
2,0,5,9,0,1,1,1,0.5315993437082602,0.40229946744652306,1.3122204069554313,0.2786686739290992,-1.5058909569374925,0
3,0,9,9,0,4,1,2,0.6352211547923955,0.22644550017650028,1.9346455734604673,0.5223553669052369,-0.010611682496214593,0
4,1,10,3,0,0,0,1,-0.6082405782172269,-0.477550745033195,0.17110760169619865,-0.8195569256244342,1.4846675919450634,1
3,1,8,22,0,5,1,1,1.360573832381342,1.4574232710666595,0.3785826571978769,0.5223553669052369,0.48781474231754474,0
3,1,7,15,0,2,1,1,2.1895483210544238,1.9849851728767285,-1.64429913394349,-0.20952245260363286,-1.0074645321237332,0
4,0,10,0,0,3,1,2,0.11711209937171958,0.13822832847668692,0.741664004325815,0.03416424037250481,-0.5090381073099739,0
3,1,8,20,0,0,0,1,0.7388429658765308,0.5781534347165458,1.3640891708308511,-0.20952245260363286,1.4846675919450634,1
4,0,10,2,0,1,1,1,-1.3335932558061734,-1.0927494424134727,1.2603516430800117,-1.552252485713761,-1.5058909569374925,0
3,1,6,0,0,5,1,2,1.360573832381342,1.4574232710666595,0.3785826571978769,-0.6977135791363653,0.48781474231754474,0
4,0,10,7,0,2,1,1,-0.19375333388068602,-0.1258428104931492,1.3122204069554313,-0.8195569256244342,-1.0074645321237332,0
1,0,1,7,0,5,1,2,-1.7480805001427142,-1.6203113442235408,1.2084828792045919,-0.8195569256244342,0.48781474231754474,0
2,1,3,23,0,5,1,1,-0.7118623893013623,-0.565187540603404,0.43045142107329665,-1.552252485713761,0.48781474231754474,0
2,1,6,9,0,2,1,2,0.7388429658765308,0.5781534347165458,1.3640891708308511,0.7668598004618318,-1.0074645321237332,0
1,1,1,2,0,0,0,1,-0.7118623893013623,-0.8292586795732405,-1.3330865506909721,0.7668598004618318,1.4846675919450634,1
4,1,9,15,0,6,0,1,0.5315993437082602,0.8416441975567779,-1.021873967438454,0.5223553669052369,0.986241167131304,1
2,0,4,13,0,5,1,3,-0.8154842003854972,-0.8292586795732405,1.2603516430800117,0.03416424037250481,0.48781474231754474,0
3,1,8,23,0,3,1,1,0.7388429658765308,0.5781534347165458,1.0528765875783328,-1.552252485713761,-0.5090381073099739,0
2,1,4,22,0,4,1,1,-0.40099695604895663,-0.30169677776317194,-1.4368240784418116,0.03416424037250481,-0.010611682496214593,0
3,1,8,14,0,4,1,1,1.6714392656337473,1.3692060993668462,-1.5924303700680704,-1.552252485713761,-0.010611682496214593,0
3,0,7,9,0,0,0,1,1.1533302102130714,1.1057153365266141,-0.24384250930715912,0.2786686739290992,1.4846675919450634,1
3,0,6,23,0,2,1,1,1.0497083991289362,1.0174981648268007,0.3785826571978769,0.7668598004618318,-1.0074645321237332,0
2,1,6,22,0,3,1,1,1.6714392656337473,1.633277238336683,-0.8662676758121949,-0.6977135791363653,-0.5090381073099739,0
1,1,3,13,0,4,1,2,0.5315993437082602,0.8416441975567779,-0.710661384185936,3.6960065596582257,-0.010611682496214593,0
2,1,6,23,0,0,0,1,0.4279775326241249,0.40229946744652306,-0.5031863286842572,-0.6977135791363653,1.4846675919450634,1
2,1,4,15,0,6,0,2,0.7388429658765308,0.8416441975567779,-1.8517741894451687,1.376894273482633,0.986241167131304,1
1,0,12,5,0,5,1,1,-1.4372150668903083,-1.2686034096834955,0.6379264765749756,-0.8195569256244342,0.48781474231754474,0
3,1,8,17,0,4,1,1,1.360573832381342,1.1933521320968234,-0.9181364396876146,0.2786686739290992,-0.010611682496214593,0
2,1,4,19,0,1,1,1,0.11711209937171958,0.13822832847668692,-1.488692842317231,1.376894273482633,-1.5058909569374925,0
1,1,2,21,0,6,0,3,-1.3335932558061734,-1.3568205813833087,1.57156422633253,-0.4540268861602275,0.986241167131304,1
4,0,10,21,0,2,1,2,0.4279775326241249,0.40229946744652306,0.7935327682012348,0.03416424037250481,-1.0074645321237332,0
2,0,4,15,0,3,1,1,0.11711209937171958,0.13822832847668692,-1.5924303700680704,1.1332075805064954,-0.5090381073099739,0
4,0,9,13,0,5,1,2,0.8424647769606661,0.8416441975567779,-0.8143989119367755,1.1332075805064954,0.48781474231754474,0
2,0,4,12,0,0,0,1,-0.2973751449648213,-0.21347960606335856,-1.2812177868155523,0.7668598004618318,1.4846675919450634,1
3,0,9,20,0,2,1,3,0.2207339104558549,0.22644550017650028,1.3122204069554313,0.8887031469499004,-1.0074645321237332,0
1,1,2,7,0,2,1,1,-1.1263496336379029,-1.2686034096834955,-0.9181364396876146,0.8887031469499004,-1.0074645321237332,0
1,1,2,15,0,5,1,3,-0.5046187671330916,-0.3893335733333813,1.2603516430800117,0.03416424037250481,0.48781474231754474,0
1,0,1,8,0,4,1,1,-1.4372150668903083,-1.5326745486533315,-0.39944880093341767,0.7668598004618318,-0.010611682496214593,0
3,1,7,14,1,3,0,1,2.0859265099702884,1.9849851728767285,-1.3330865506909721,-0.20952245260363286,-0.5090381073099739,0
2,1,5,11,0,1,1,2,0.5315993437082602,0.48993626301673243,1.0528765875783328,-0.20952245260363286,-1.5058909569374925,0
3,1,8,19,0,5,1,2,1.1533302102130714,1.1057153365266141,-0.24384250930715912,-0.20952245260363286,0.48781474231754474,0
4,0,11,19,0,2,1,2,0.013490288287584293,0.050011156776873573,0.48232018494871637,1.376894273482633,-1.0074645321237332,0
4,0,11,15,0,0,0,2,0.11711209937171958,0.13822832847668692,0.2748451294470381,0.03416424037250481,1.4846675919450634,1
4,1,10,1,0,0,0,1,-0.2973751449648213,-0.21347960606335856,-0.4513175648088374,0.2786686739290992,1.4846675919450634,1
4,0,12,4,0,2,1,1,-1.5408368779744437,-1.2686034096834955,0.8972702959520742,-1.552252485713761,-1.0074645321237332,0
4,1,11,17,0,4,1,3,-0.5046187671330916,-0.3893335733333813,-0.6587926203105163,0.2786686739290992,-0.010611682496214593,0
4,0,11,14,0,0,0,2,0.2207339104558549,0.22644550017650028,-1.7999054255697489,2.4751198730361663,1.4846675919450634,1
1,0,1,15,0,6,0,2,-0.9191060114696326,-0.9168954751434499,-1.3849553145663918,0.03416424037250481,0.986241167131304,1
3,1,7,21,0,1,1,1,1.1533302102130714,1.1933521320968234,0.3785826571978769,0.03416424037250481,-1.5058909569374925,0
4,1,11,14,0,5,1,1,0.013490288287584293,0.050011156776873573,-1.3849553145663918,0.5223553669052369,0.48781474231754474,0
2,0,5,3,0,5,1,2,0.013490288287584293,0.050011156776873573,1.3122204069554313,-0.4540268861602275,0.48781474231754474,0
1,1,1,10,0,6,0,3,-1.7480805001427142,-1.8843824831933773,1.57156422633253,0.5223553669052369,0.986241167131304,1
2,0,6,15,0,3,1,1,2.0859265099702884,2.072621968446938,-1.2293490229401327,0.8887031469499004,-0.5090381073099739,0
2,0,4,9,0,1,1,2,0.013490288287584293,0.050011156776873573,-0.39944880093341767,-0.6977135791363653,-1.5058909569374925,0
4,1,10,6,0,2,1,3,0.4279775326241249,0.40229946744652306,1.0528765875783328,-0.6977135791363653,-1.0074645321237332,0
1,0,3,5,0,0,0,1,-0.7118623893013623,-0.7410415078734272,-0.036367453805480225,-0.4540268861602275,1.4846675919450634,1
3,1,9,5,0,4,1,1,-0.2973751449648213,-0.21347960606335856,0.741664004325815,-0.6977135791363653,-0.010611682496214593,0
4,1,11,4,0,0,0,1,-0.9191060114696326,-0.8292586795732405,0.9491390598274939,-0.6977135791363653,1.4846675919450634,1
4,1,10,1,0,1,1,1,-0.5046187671330916,-0.3893335733333813,0.43045142107329665,-1.552252485713761,-1.5058909569374925,0
1,0,2,4,0,4,1,2,-1.8517023112268494,-1.9720192787635866,-0.1919737454317394,0.2786686739290992,-0.010611682496214593,0
1,1,12,18,0,6,0,1,-1.0227278225537677,-1.3568205813833087,0.3785826571978769,0.03416424037250481,0.986241167131304,1
1,1,1,2,0,0,0,2,-1.644458689058579,-1.796165311493564,0.5860577126995559,0.7668598004618318,1.4846675919450634,1
3,0,8,20,0,5,1,1,1.1533302102130714,1.0174981648268007,-1.0737427313138737,0.2786686739290992,0.48781474231754474,0
3,1,7,22,0,0,0,1,1.1533302102130714,1.2815693037966367,0.5860577126995559,-0.6977135791363653,1.4846675919450634,1
3,1,8,13,0,4,1,1,1.360573832381342,1.1933521320968234,-0.7625301480613558,-0.6977135791363653,-0.010611682496214593,0
4,1,11,0,0,2,1,1,-0.9191060114696326,-0.8292586795732405,0.3785826571978769,-0.4540268861602275,-1.0074645321237332,0
4,0,9,7,0,3,1,3,0.5315993437082602,0.22644550017650028,1.623432990207949,-0.20952245260363286,-0.5090381073099739,0
1,1,1,3,0,6,0,1,-1.8517023112268494,-1.796165311493564,-0.4513175648088374,-0.6977135791363653,0.986241167131304,1
1,0,1,18,0,0,0,1,-1.5408368779744437,-1.5326745486533315,-1.1774802590647129,-0.20952245260363286,1.4846675919450634,1
4,1,11,17,0,0,0,2,-0.6082405782172269,-0.477550745033195,0.17110760169619865,0.5223553669052369,1.4846675919450634,1
3,0,7,10,0,2,1,1,1.5678174545496126,1.2815693037966367,-1.64429913394349,0.2786686739290992,-1.0074645321237332,0
4,0,10,13,0,2,1,2,0.7388429658765308,0.8416441975567779,-1.2812177868155523,0.03416424037250481,-1.0074645321237332,0
2,0,5,20,0,6,0,1,0.3243557215399902,0.3140822957467097,-1.021873967438454,-0.4540268861602275,0.986241167131304,1
1,1,12,17,0,3,1,3,-1.229971444722038,-1.444457376953518,1.57156422633253,1.376894273482633,-0.5090381073099739,0
1,1,1,21,0,3,1,3,-0.8154842003854972,-0.9168954751434499,1.2603516430800117,0.2786686739290992,-0.5090381073099739,0
1,0,1,4,0,6,0,2,-2.4734331777316605,-2.6754351478436775,-0.7625301480613558,0.8887031469499004,0.986241167131304,1
4,0,11,13,0,0,0,2,0.2207339104558549,0.22644550017650028,-0.14010498155631967,0.03416424037250481,1.4846675919450634,1
4,1,10,15,0,6,0,1,0.013490288287584293,0.050011156776873573,-1.3849553145663918,0.03416424037250481,0.986241167131304,1
3,1,7,7,0,1,1,1,1.2569520212972067,1.1057153365266141,-0.6069238564350966,-0.6977135791363653,-1.5058909569374925,0
1,1,3,2,0,2,1,1,-1.5408368779744437,-1.6203113442235408,-0.9700052035630343,0.2786686739290992,-1.0074645321237332,0
1,1,2,2,0,0,0,1,-1.3335932558061734,-1.5326745486533315,-0.9700052035630343,1.1332075805064954,1.4846675919450634,1
1,0,1,15,0,0,0,1,-1.4372150668903083,-1.6203113442235408,-1.4368240784418116,1.376894273482633,1.4846675919450634,1
1,1,2,7,0,6,0,3,-1.4372150668903083,-1.444457376953518,1.57156422633253,-0.4540268861602275,0.986241167131304,1
2,1,4,21,0,0,0,1,0.6352211547923955,0.8416441975567779,-0.29571127318257884,0.5223553669052369,1.4846675919450634,1
1,1,3,20,0,4,1,1,-0.2973751449648213,-0.21347960606335856,-0.9700052035630343,1.8650854000153652,-0.010611682496214593,0
2,1,5,9,0,1,1,3,0.3243557215399902,0.3140822957467097,1.3122204069554313,0.2786686739290992,-1.5058909569374925,0
4,0,11,13,0,3,1,1,-0.090131522796551,-0.03762563879333582,-0.7625301480613558,-0.20952245260363286,-0.5090381073099739,0
4,1,12,20,0,3,1,1,-0.7118623893013623,-0.7410415078734272,-0.29571127318257884,0.2786686739290992,-0.5090381073099739,0
3,0,7,6,1,1,0,1,0.7388429658765308,0.5781534347165458,1.3640891708308511,-0.20952245260363286,-1.5058909569374925,0
3,1,8,6,0,5,1,1,0.8424647769606661,0.7540074019865686,1.0528765875783328,0.2786686739290992,0.48781474231754474,0
1,1,1,3,0,3,1,1,-1.4372150668903083,-1.180966614113286,0.8972702959520742,-1.552252485713761,-0.5090381073099739,0
2,1,3,2,0,6,0,1,0.2207339104558549,0.22644550017650028,0.741664004325815,-0.6977135791363653,0.986241167131304,1
3,1,7,18,0,0,0,1,1.5678174545496126,1.3692060993668462,-1.1256114951892935,0.8887031469499004,1.4846675919450634,1
1,1,3,11,0,6,0,1,-1.0227278225537677,-1.180966614113286,-1.5405616061926506,1.1332075805064954,0.986241167131304,1
4,0,11,10,0,3,1,2,0.11711209937171958,0.13822832847668692,1.623432990207949,0.03416424037250481,-0.5090381073099739,0
1,1,3,6,0,4,1,1,-0.40099695604895663,-0.30169677776317194,0.741664004325815,0.5223553669052369,-0.010611682496214593,0
3,1,9,14,0,2,1,1,0.9460865880448014,0.8416441975567779,-1.6961678978189099,-0.8195569256244342,-1.0074645321237332,0
3,1,8,17,0,1,1,1,1.0497083991289362,1.0174981648268007,-0.24384250930715912,0.7668598004618318,-1.5058909569374925,0
2,1,5,10,0,5,1,1,0.5315993437082602,0.8416441975567779,-0.8662676758121949,-0.4540268861602275,0.48781474231754474,0
3,0,7,22,0,0,0,1,1.2569520212972067,1.2815693037966367,0.17110760169619865,0.2786686739290992,1.4846675919450634,1
1,0,1,17,0,2,1,1,-1.1263496336379029,-1.180966614113286,-0.7625301480613558,0.2786686739290992,-1.0074645321237332,0
1,0,1,6,0,6,0,2,-1.7480805001427142,-1.796165311493564,0.5860577126995559,-0.20952245260363286,0.986241167131304,1
1,1,1,20,0,5,1,1,-0.8154842003854972,-1.0051126468432632,-0.5031863286842572,1.376894273482633,0.48781474231754474,0
2,0,5,12,0,2,1,2,0.5315993437082602,0.8416441975567779,-1.2812177868155523,-1.552252485713761,-1.0074645321237332,0
1,0,3,6,0,3,1,2,-1.0227278225537677,-0.9168954751434499,1.57156422633253,-0.6977135791363653,-0.5090381073099739,0
2,1,4,4,0,5,1,1,-0.8154842003854972,-0.9168954751434499,-0.710661384185936,0.5223553669052369,0.48781474231754474,0
2,1,4,12,0,0,0,1,0.2207339104558549,0.22644550017650028,-2.007380481071428,0.5223553669052369,1.4846675919450634,1
3,0,8,21,0,1,1,1,1.0497083991289362,1.0174981648268007,0.3785826571978769,0.5223553669052369,-1.5058909569374925,0
3,1,8,6,0,6,0,2,0.7388429658765308,0.6657902302867552,0.7935327682012348,-0.20952245260363286,0.986241167131304,1
1,0,2,0,0,3,1,1,-1.8517023112268494,-1.9720192787635866,-0.6587926203105163,0.03416424037250481,-0.5090381073099739,0
1,0,3,0,0,0,0,1,-0.8154842003854972,-1.0051126468432632,-0.710661384185936,1.8650854000153652,1.4846675919450634,1
1,1,2,14,0,6,0,1,-0.2973751449648213,-0.21347960606335856,-1.4368240784418116,1.376894273482633,0.986241167131304,1
1,1,1,18,0,0,0,3,-0.19375333388068602,-0.1258428104931492,-0.1919737454317394,0.5223553669052369,1.4846675919450634,1
4,1,12,0,0,4,1,2,-1.1263496336379029,-1.180966614113286,-0.5550550925596769,0.2786686739290992,-0.010611682496214593,0
4,1,12,1,0,2,1,2,-0.2973751449648213,-0.21347960606335856,1.623432990207949,-0.4540268861602275,-1.0074645321237332,0
1,1,1,18,0,6,0,1,-0.40099695604895663,-0.30169677776317194,-1.1256114951892935,0.2786686739290992,0.986241167131304,1
1,0,3,9,0,5,1,1,-1.4372150668903083,-1.444457376953518,-0.14010498155631967,-0.4540268861602275,0.48781474231754474,0
3,1,9,19,0,5,1,1,1.2569520212972067,1.1933521320968234,-0.036367453805480225,0.7668598004618318,0.48781474231754474,0
1,0,3,17,0,3,1,2,-0.2973751449648213,-0.21347960606335856,-0.4513175648088374,0.8887031469499004,-0.5090381073099739,0
4,0,12,8,0,1,1,1,-1.5408368779744437,-1.6203113442235408,0.6379264765749756,0.03416424037250481,-1.5058909569374925,0
1,0,1,23,0,0,0,1,-1.4372150668903083,-1.444457376953518,-0.8143989119367755,-0.20952245260363286,1.4846675919450634,1
3,1,9,14,0,0,0,3,1.1533302102130714,1.2815693037966367,0.8454015320766545,-0.8195569256244342,1.4846675919450634,1
4,0,11,15,0,6,0,2,0.013490288287584293,0.050011156776873573,-1.0737427313138737,-0.6977135791363653,0.986241167131304,1
4,0,9,5,0,4,1,2,0.5315993437082602,0.40229946744652306,1.3122204069554313,-0.6977135791363653,-0.010611682496214593,0
3,0,8,8,0,3,1,1,1.0497083991289362,1.0174981648268007,-0.4513175648088374,-0.20952245260363286,-0.5090381073099739,0
4,0,11,7,0,4,1,2,-0.6082405782172269,-0.477550745033195,1.623432990207949,-0.20952245260363286,-0.010611682496214593,0
3,0,9,14,0,5,1,2,0.2207339104558549,0.22644550017650028,-0.9181364396876146,-0.20952245260363286,0.48781474231754474,0
3,0,7,22,1,1,0,2,1.2569520212972067,1.1933521320968234,-0.036367453805480225,-0.4540268861602275,-1.5058909569374925,0
3,1,9,1,0,4,1,1,0.2207339104558549,0.22644550017650028,0.741664004325815,-0.8195569256244342,-0.010611682496214593,0
1,0,3,19,0,2,1,1,-0.8154842003854972,-0.7410415078734272,-1.64429913394349,-0.6977135791363653,-1.0074645321237332,0
2,1,4,10,1,1,0,1,0.6352211547923955,0.7540074019865686,0.3267138933224572,0.5223553669052369,-1.5058909569374925,0
2,1,6,21,0,1,1,2,0.6352211547923955,0.6657902302867552,0.5341889488241361,-0.6977135791363653,-1.5058909569374925,0
3,0,8,15,0,3,1,1,1.360573832381342,1.1933521320968234,-0.7625301480613558,2.1095898335719596,-0.5090381073099739,0
1,0,1,3,0,5,1,1,-2.0589459333951194,-1.9720192787635866,-0.4513175648088374,-0.6977135791363653,0.48781474231754474,0
4,1,11,5,0,0,0,1,-1.229971444722038,-1.180966614113286,0.11923883782077893,-0.6977135791363653,1.4846675919450634,1
1,0,2,16,0,4,1,2,0.3243557215399902,0.3140822957467097,-1.4368240784418116,0.8887031469499004,-0.010611682496214593,0
1,0,1,13,0,3,1,1,-0.5046187671330916,-0.3893335733333813,-0.036367453805480225,0.7668598004618318,-0.5090381073099739,0
4,0,10,19,0,4,1,1,-0.19375333388068602,-0.1258428104931492,-0.6069238564350966,1.376894273482633,-0.010611682496214593,0
1,0,1,13,0,4,1,1,-1.229971444722038,-1.180966614113286,-1.4368240784418116,-0.6977135791363653,-0.010611682496214593,0
2,1,4,16,0,6,0,2,0.7388429658765308,0.8416441975567779,-1.8517741894451687,1.376894273482633,0.986241167131304,1
1,0,1,7,0,6,0,1,-1.7480805001427142,-1.7085285159233545,-0.1919737454317394,-0.6977135791363653,0.986241167131304,1
4,1,10,15,0,4,1,1,0.11711209937171958,0.13822832847668692,-1.488692842317231,-0.20952245260363286,-0.010611682496214593,0
3,1,7,8,0,3,1,1,1.0497083991289362,0.9298613692565912,-1.0737427313138737,0.5223553669052369,-0.5090381073099739,0
3,0,6,4,0,4,1,1,0.4279775326241249,0.40229946744652306,0.06737007394535921,-0.4540268861602275,-0.010611682496214593,0
4,1,11,22,0,3,1,3,-1.0227278225537677,-1.0927494424134727,-0.34758003705799795,0.5223553669052369,-0.5090381073099739,0
1,1,3,11,0,5,1,1,-0.6082405782172269,-0.477550745033195,-0.8662676758121949,0.03416424037250481,0.48781474231754474,0
4,0,9,17,0,5,1,1,0.6352211547923955,0.8416441975567779,-0.5031863286842572,0.03416424037250481,0.48781474231754474,0
4,1,11,22,0,2,1,1,-1.229971444722038,-1.444457376953518,-0.34758003705799795,1.1332075805064954,-1.0074645321237332,0
3,0,8,1,0,2,1,1,0.3243557215399902,0.3140822957467097,0.2748451294470381,-0.6977135791363653,-1.0074645321237332,0
1,0,2,18,0,3,1,1,-0.8154842003854972,-1.0927494424134727,-1.0737427313138737,2.9633109995688987,-0.5090381073099739,0
4,0,10,3,0,3,1,1,-0.19375333388068602,-0.1258428104931492,1.001007823702913,-0.6977135791363653,-0.5090381073099739,0
3,0,6,16,0,5,1,1,1.5678174545496126,1.2815693037966367,-1.5405616061926506,1.8650854000153652,0.48781474231754474,0
3,1,9,3,0,6,0,1,0.5315993437082602,0.6657902302867552,0.5341889488241361,0.5223553669052369,0.986241167131304,1
3,1,7,14,0,6,0,2,0.5315993437082602,0.40229946744652306,1.3122204069554313,0.5223553669052369,0.986241167131304,1
3,1,9,8,0,6,0,1,0.5315993437082602,0.6657902302867552,0.5341889488241361,0.8887031469499004,0.986241167131304,1
4,1,10,12,0,5,1,1,0.7388429658765308,0.7540074019865686,0.3267138933224572,0.2786686739290992,0.48781474231754474,0
1,0,1,18,0,3,1,1,-0.8154842003854972,-0.9168954751434499,-0.08823621768089995,0.7668598004618318,-0.5090381073099739,0
2,1,3,15,0,5,1,2,1.1533302102130714,1.0174981648268007,-1.0737427313138737,-0.4540268861602275,0.48781474231754474,0
4,1,12,14,0,5,1,2,-0.7118623893013623,-0.7410415078734272,0.43045142107329665,-0.20952245260363286,0.48781474231754474,0
4,1,10,19,0,5,1,1,0.2207339104558549,0.22644550017650028,1.3122204069554313,-0.20952245260363286,0.48781474231754474,0
3,1,9,10,0,4,1,3,0.8424647769606661,0.6657902302867552,1.623432990207949,-0.4540268861602275,-0.010611682496214593,0
3,1,7,23,0,4,1,2,1.0497083991289362,1.0174981648268007,-0.6069238564350966,0.2786686739290992,-0.010611682496214593,0
1,0,12,9,0,5,1,1,-1.229971444722038,-1.0051126468432632,0.6379264765749756,-1.552252485713761,0.48781474231754474,0
4,1,10,23,0,1,1,1,-0.19375333388068602,-0.1258428104931492,0.01550131006993949,0.2786686739290992,-1.5058909569374925,0
4,0,10,3,0,2,1,1,-0.5046187671330916,-0.3893335733333813,1.2603516430800117,-1.552252485713761,-1.0074645321237332,0
4,0,10,13,0,0,0,1,0.8424647769606661,0.8416441975567779,-0.9700052035630343,-0.8195569256244342,1.4846675919450634,1
4,0,11,12,0,2,1,1,0.013490288287584293,0.050011156776873573,-0.7625301480613558,-0.8195569256244342,-1.0074645321237332,0
4,1,10,17,0,4,1,1,1.0497083991289362,1.0174981648268007,-0.6069238564350966,0.2786686739290992,-0.010611682496214593,0
2,0,4,11,0,2,1,3,-0.9191060114696326,-1.0927494424134727,0.9491390598274939,2.1095898335719596,-1.0074645321237332,0
2,0,4,16,0,6,0,2,-0.6082405782172269,-0.477550745033195,1.001007823702913,-1.552252485713761,0.986241167131304,1
1,0,1,9,1,1,0,2,-1.7480805001427142,-1.8843824831933773,-0.8143989119367755,0.2786686739290992,-1.5058909569374925,0
3,0,7,4,0,6,0,1,1.1533302102130714,1.1933521320968234,0.17110760169619865,-0.20952245260363286,0.986241167131304,1
4,1,11,6,0,0,0,1,-1.0227278225537677,-0.9168954751434499,1.2603516430800117,-0.8195569256244342,1.4846675919450634,1
2,0,4,12,0,3,1,1,1.0497083991289362,1.0174981648268007,-0.7625301480613558,1.6213987070392275,-0.5090381073099739,0
3,0,8,8,0,2,1,1,1.2569520212972067,1.1933521320968234,-0.24384250930715912,0.7668598004618318,-1.0074645321237332,0
3,1,9,15,0,0,0,1,1.1533302102130714,1.0174981648268007,-1.5924303700680704,0.5223553669052369,1.4846675919450634,1
1,0,3,8,0,4,1,1,-0.7118623893013623,-0.7410415078734272,0.17110760169619865,-0.4540268861602275,-0.010611682496214593,0
2,0,5,16,0,3,1,1,0.5315993437082602,0.6657902302867552,0.5341889488241361,0.03416424037250481,-0.5090381073099739,0
2,1,6,11,0,3,1,1,1.7750610767178827,1.8091312056067057,-0.710661384185936,0.03416424037250481,-0.5090381073099739,0
4,0,11,20,0,3,1,2,-0.9191060114696326,-1.0051126468432632,-0.29571127318257884,0.7668598004618318,-0.5090381073099739,0
1,1,3,5,0,6,0,2,-0.40099695604895663,-0.30169677776317194,1.623432990207949,-0.8195569256244342,0.986241167131304,1
1,1,2,22,0,1,1,1,-1.0227278225537677,-1.0051126468432632,0.11923883782077893,-0.4540268861602275,-1.5058909569374925,0
2,0,5,0,1,1,0,1,0.7388429658765308,0.48993626301673243,1.623432990207949,0.03416424037250481,-1.5058909569374925,0
3,0,6,9,0,6,0,1,1.1533302102130714,1.0174981648268007,-0.9181364396876146,0.5223553669052369,0.986241167131304,1
1,1,2,13,0,4,1,3,-0.8154842003854972,-0.9168954751434499,0.43045142107329665,0.5223553669052369,-0.010611682496214593,0
2,0,6,6,0,3,1,1,0.7388429658765308,0.5781534347165458,1.3640891708308511,-0.4540268861602275,-0.5090381073099739,0
3,1,6,9,0,4,1,1,1.0497083991289362,1.0174981648268007,-0.4513175648088374,-0.20952245260363286,-0.010611682496214593,0
4,0,11,13,0,2,1,1,-0.090131522796551,-0.03762563879333582,-0.39944880093341767,0.03416424037250481,-1.0074645321237332,0
2,1,6,17,0,3,1,1,2.0859265099702884,1.9849851728767285,-1.3330865506909721,-1.552252485713761,-0.5090381073099739,0
4,1,10,4,0,3,1,2,0.5315993437082602,0.13822832847668692,1.9346455734604673,-1.552252485713761,-0.5090381073099739,0
2,1,5,21,0,5,1,1,0.5315993437082602,0.7540074019865686,-1.7999054255697489,-0.6977135791363653,0.48781474231754474,0
4,0,11,7,0,4,1,3,-0.8154842003854972,-0.9168954751434499,-0.08823621768089995,0.7668598004618318,-0.010611682496214593,0
4,0,10,0,0,5,1,1,-0.5046187671330916,-0.3893335733333813,-0.036367453805480225,0.5223553669052369,0.48781474231754474,0
1,1,1,20,0,5,1,1,-0.40099695604895663,-0.30169677776317194,-1.1256114951892935,0.03416424037250481,0.48781474231754474,0
1,0,12,14,0,4,1,2,-0.19375333388068602,-0.1258428104931492,0.01550131006993949,-1.552252485713761,-0.010611682496214593,0
3,1,9,7,0,0,0,1,0.2207339104558549,0.22644550017650028,0.5341889488241361,-0.20952245260363286,1.4846675919450634,1
1,1,3,22,0,6,0,1,-1.229971444722038,-1.2686034096834955,-0.9700052035630343,-0.20952245260363286,0.986241167131304,1
3,0,9,11,0,2,1,3,0.3243557215399902,0.3140822957467097,1.3122204069554313,-0.20952245260363286,-1.0074645321237332,0
1,1,2,10,0,6,0,1,-1.229971444722038,-1.444457376953518,-0.14010498155631967,1.376894273482633,0.986241167131304,1
3,0,7,9,0,6,0,1,1.7750610767178827,1.8091312056067057,-0.710661384185936,-0.20952245260363286,0.986241167131304,1
3,1,6,2,0,2,1,1,0.3243557215399902,0.3140822957467097,-1.021873967438454,0.7668598004618318,-1.0074645321237332,0
2,1,5,7,0,3,1,1,0.4279775326241249,0.40229946744652306,1.0528765875783328,-1.552252485713761,-0.5090381073099739,0
1,1,2,8,0,3,1,3,-0.7118623893013623,-0.6534047123032177,0.5341889488241361,-0.6977135791363653,-0.5090381073099739,0
3,0,6,17,0,6,0,1,1.2569520212972067,1.1057153365266141,-1.0737427313138737,0.2786686739290992,0.986241167131304,1
2,0,5,7,0,4,1,2,0.6352211547923955,0.40229946744652306,1.623432990207949,0.5223553669052369,-0.010611682496214593,0
2,1,5,8,0,6,0,1,0.4279775326241249,0.40229946744652306,1.0528765875783328,-0.8195569256244342,0.986241167131304,1
2,1,6,17,0,1,1,2,0.5315993437082602,0.6657902302867552,0.5341889488241361,0.03416424037250481,-1.5058909569374925,0
3,1,8,7,0,6,0,1,1.1533302102130714,1.2815693037966367,0.741664004325815,-0.20952245260363286,0.986241167131304,1
2,1,5,20,0,4,1,1,0.9460865880448014,0.9298613692565912,-0.9700052035630343,-0.20952245260363286,-0.010611682496214593,0
3,1,9,1,0,2,1,1,0.9460865880448014,0.9298613692565912,1.001007823702913,-0.4540268861602275,-1.0074645321237332,0
3,0,8,12,0,5,1,2,1.2569520212972067,1.1933521320968234,-0.036367453805480225,-0.8195569256244342,0.48781474231754474,0
1,0,3,2,0,4,1,1,-0.8154842003854972,-1.0051126468432632,0.43045142107329665,0.8887031469499004,-0.010611682496214593,0
4,1,12,8,0,0,0,3,-0.5046187671330916,-0.3893335733333813,1.2603516430800117,-0.20952245260363286,1.4846675919450634,1
3,1,8,6,0,4,1,2,0.5315993437082602,0.40229946744652306,1.3122204069554313,-0.8195569256244342,-0.010611682496214593,0
3,0,9,5,0,0,0,1,0.7388429658765308,0.5781534347165458,1.0528765875783328,-0.4540268861602275,1.4846675919450634,1
4,0,12,11,0,0,0,2,-1.3335932558061734,-1.444457376953518,-0.14010498155631967,0.2786686739290992,1.4846675919450634,1
4,1,11,16,0,2,1,1,-0.8154842003854972,-0.8292586795732405,-0.8662676758121949,-0.20952245260363286,-1.0074645321237332,0
2,1,4,14,0,2,1,1,0.3243557215399902,0.3140822957467097,-2.162986772697687,0.2786686739290992,-1.0074645321237332,0
1,0,12,20,0,6,0,1,-0.40099695604895663,-0.30169677776317194,-0.4513175648088374,0.2786686739290992,0.986241167131304,1
2,1,3,18,0,3,1,1,0.5315993437082602,0.6657902302867552,0.3267138933224572,-1.552252485713761,-0.5090381073099739,0
2,1,3,16,0,4,1,1,0.11711209937171958,0.13822832847668692,-1.3849553145663918,1.1332075805064954,-0.010611682496214593,0
4,1,10,23,0,2,1,1,-0.5046187671330916,-0.3893335733333813,0.43045142107329665,-1.552252485713761,-1.0074645321237332,0
1,0,2,8,0,6,0,2,-1.3335932558061734,-1.0927494424134727,-0.14010498155631967,-1.552252485713761,0.986241167131304,1
1,0,2,2,0,4,1,3,-1.8517023112268494,-1.8843824831933773,0.8972702959520742,-0.4540268861602275,-0.010611682496214593,0
3,0,9,11,0,0,0,1,0.11711209937171958,0.13822832847668692,0.2748451294470381,0.2786686739290992,1.4846675919450634,1
1,1,3,5,0,6,0,1,-1.4372150668903083,-1.5326745486533315,-1.0737427313138737,0.7668598004618318,0.986241167131304,1
1,0,1,12,0,3,1,1,-1.229971444722038,-1.444457376953518,-1.5405616061926506,1.1332075805064954,-0.5090381073099739,0
3,0,7,4,0,4,1,1,0.7388429658765308,0.5781534347165458,1.3640891708308511,-0.6977135791363653,-0.010611682496214593,0
2,1,4,18,0,0,0,1,0.6352211547923955,0.7540074019865686,-1.9555117171960081,1.1332075805064954,1.4846675919450634,1
2,0,4,2,0,5,1,3,-1.229971444722038,-1.2686034096834955,1.57156422633253,0.03416424037250481,0.48781474231754474,0
3,0,8,5,0,5,1,1,0.7388429658765308,0.5781534347165458,1.0528765875783328,-1.552252485713761,0.48781474231754474,0
3,0,6,13,0,6,0,1,1.2569520212972067,1.0174981648268007,-1.1774802590647129,0.7668598004618318,0.986241167131304,1
4,0,10,19,0,6,0,1,-1.3335932558061734,-1.5326745486533315,1.2603516430800117,1.376894273482633,0.986241167131304,1
2,1,4,4,0,1,1,3,-1.0227278225537677,-1.0927494424134727,0.9491390598274939,0.7668598004618318,-1.5058909569374925,0
3,0,9,15,0,2,1,1,1.2569520212972067,1.1057153365266141,-0.6069238564350966,0.8887031469499004,-1.0074645321237332,0
2,0,5,0,0,3,1,3,0.11711209937171958,0.13822832847668692,0.741664004325815,-0.20952245260363286,-0.5090381073099739,0
4,0,10,13,0,4,1,2,0.013490288287584293,0.050011156776873573,1.3122204069554313,-0.20952245260363286,-0.010611682496214593,0
4,1,10,20,0,6,0,2,0.11711209937171958,0.13822832847668692,0.48232018494871637,0.2786686739290992,0.986241167131304,1
4,1,12,20,0,1,1,1,-0.19375333388068602,-0.1258428104931492,1.3122204069554313,0.5223553669052369,-1.5058909569374925,0
4,0,12,22,0,4,1,1,-1.229971444722038,-1.180966614113286,0.11923883782077893,-0.4540268861602275,-0.010611682496214593,0
3,1,9,16,0,3,1,1,0.6352211547923955,0.8416441975567779,-1.4368240784418116,-1.552252485713761,-0.5090381073099739,0
3,1,6,14,0,6,0,1,1.4641956434654773,1.1933521320968234,-1.5405616061926506,0.5223553669052369,0.986241167131304,1
1,0,3,5,0,3,1,2,-1.0227278225537677,-0.9168954751434499,1.57156422633253,-0.6977135791363653,-0.5090381073099739,0
4,0,10,15,0,5,1,1,0.8424647769606661,0.8416441975567779,-1.1256114951892935,-1.552252485713761,0.48781474231754474,0
3,0,6,16,0,2,1,1,1.5678174545496126,1.7209140339068922,-0.1919737454317394,0.2786686739290992,-1.0074645321237332,0
4,1,11,7,0,4,1,2,-0.7118623893013623,-0.7410415078734272,-0.29571127318257884,-0.20952245260363286,-0.010611682496214593,0
3,1,8,8,0,0,0,2,0.7388429658765308,0.7540074019865686,0.3267138933224572,-0.6977135791363653,1.4846675919450634,1
3,0,8,13,0,0,0,1,1.360573832381342,1.1933521320968234,-0.9181364396876146,1.376894273482633,1.4846675919450634,1
1,1,2,18,0,0,0,1,-1.0227278225537677,-1.0927494424134727,-0.5550550925596769,0.5223553669052369,1.4846675919450634,1
1,0,3,10,0,6,0,1,-0.2973751449648213,-0.21347960606335856,-1.2812177868155523,1.8650854000153652,0.986241167131304,1
1,1,2,13,0,4,1,1,0.11711209937171958,0.13822832847668692,-1.2293490229401327,0.03416424037250481,-0.010611682496214593,0
4,0,10,8,0,6,0,1,-0.19375333388068602,-0.1258428104931492,1.001007823702913,-1.552252485713761,0.986241167131304,1
2,1,6,5,0,6,0,1,0.2207339104558549,0.22644550017650028,0.2748451294470381,-0.6977135791363653,0.986241167131304,1
3,0,9,13,0,5,1,2,0.9460865880448014,0.9298613692565912,0.11923883782077893,-0.4540268861602275,0.48781474231754474,0
4,0,11,20,0,3,1,1,-0.5046187671330916,-0.3893335733333813,0.17110760169619865,-0.4540268861602275,-0.5090381073099739,0
2,1,4,14,0,5,1,1,0.11711209937171958,0.13822832847668692,-1.8517741894451687,-1.552252485713761,0.48781474231754474,0
3,1,8,7,0,0,0,1,1.2569520212972067,1.3692060993668462,0.5860577126995559,0.8887031469499004,1.4846675919450634,1
4,0,11,5,0,4,1,1,-0.9191060114696326,-0.8292586795732405,0.9491390598274939,-0.4540268861602275,-0.010611682496214593,0
2,1,6,0,0,5,1,1,0.3243557215399902,0.3140822957467097,-0.34758003705799795,-0.20952245260363286,0.48781474231754474,0
3,1,9,7,0,5,1,1,0.7388429658765308,0.5781534347165458,1.3640891708308511,-0.6977135791363653,0.48781474231754474,0
3,1,6,6,0,6,0,1,0.7388429658765308,0.5781534347165458,1.3640891708308511,-0.20952245260363286,0.986241167131304,1
1,1,3,11,0,0,0,1,-0.7118623893013623,-0.8292586795732405,-1.021873967438454,0.7668598004618318,1.4846675919450634,1
2,0,3,6,0,2,1,1,-0.5046187671330916,-0.3893335733333813,1.2603516430800117,0.5223553669052369,-1.0074645321237332,0
4,0,10,12,0,6,0,2,-0.5046187671330916,-0.3893335733333813,1.001007823702913,0.5223553669052369,0.986241167131304,1
1,1,1,10,0,4,1,1,-1.8517023112268494,-1.5326745486533315,-0.1919737454317394,-1.552252485713761,-0.010611682496214593,0
4,1,12,17,0,3,1,1,-0.2973751449648213,-0.21347960606335856,-1.4368240784418116,0.7668598004618318,-0.5090381073099739,0
2,1,5,10,0,5,1,2,0.6352211547923955,0.6657902302867552,0.5341889488241361,-0.4540268861602275,0.48781474231754474,0
1,1,1,21,0,1,1,2,-1.229971444722038,-1.3568205813833087,1.9346455734604673,0.7668598004618318,-1.5058909569374925,0
3,0,7,10,0,6,0,1,1.8786828878020179,1.8091312056067057,-1.1256114951892935,0.2786686739290992,0.986241167131304,1
3,0,7,17,0,0,0,3,1.5678174545496126,1.545060066636869,-0.710661384185936,5.40426663223256,1.4846675919450634,1
3,1,8,22,0,4,1,1,1.0497083991289362,1.0174981648268007,0.3785826571978769,-1.552252485713761,-0.010611682496214593,0
2,0,5,19,0,4,1,2,0.5315993437082602,0.7540074019865686,0.06737007394535921,0.03416424037250481,-0.010611682496214593,0
2,1,6,1,0,3,1,1,0.9460865880448014,0.9298613692565912,0.8454015320766545,0.03416424037250481,-0.5090381073099739,0
4,0,11,12,0,3,1,1,-0.19375333388068602,-0.1258428104931492,-0.39944880093341767,-0.20952245260363286,-0.5090381073099739,0
2,1,6,4,0,6,0,1,0.2207339104558549,0.22644550017650028,0.2748451294470381,0.7668598004618318,0.986241167131304,1
2,0,5,22,0,6,0,1,0.5315993437082602,0.6657902302867552,0.3267138933224572,-0.4540268861602275,0.986241167131304,1
3,1,7,9,0,3,1,1,1.6714392656337473,1.8091312056067057,-0.34758003705799795,-1.552252485713761,-0.5090381073099739,0
4,1,12,12,0,1,1,3,-0.2973751449648213,-0.21347960606335856,1.9346455734604673,0.2786686739290992,-1.5058909569374925,0
3,0,9,13,0,1,1,1,1.1533302102130714,1.1057153365266141,-0.4513175648088374,-0.6977135791363653,-1.5058909569374925,0
3,1,7,14,0,1,1,2,1.2569520212972067,1.1933521320968234,-0.39944880093341767,0.5223553669052369,-1.5058909569374925,0
3,1,8,11,0,0,0,3,0.7388429658765308,0.6657902302867552,0.7935327682012348,-0.20952245260363286,1.4846675919450634,1
2,1,4,10,0,5,1,1,-0.7118623893013623,-0.8292586795732405,-1.1774802590647129,1.1332075805064954,0.48781474231754474,0
2,1,3,10,0,2,1,1,-1.229971444722038,-1.2686034096834955,-1.4368240784418116,0.2786686739290992,-1.0074645321237332,0
1,0,12,14,0,6,0,1,-0.8154842003854972,-1.0051126468432632,-1.2293490229401327,0.8887031469499004,0.986241167131304,1
1,0,1,3,0,0,0,1,-1.4372150668903083,-1.180966614113286,0.3267138933224572,-1.552252485713761,1.4846675919450634,1
2,1,5,3,0,0,0,2,0.2207339104558549,0.22644550017650028,1.0528765875783328,0.03416424037250481,1.4846675919450634,1
4,1,11,12,0,2,1,2,-0.40099695604895663,-0.30169677776317194,0.22297636557161837,-1.552252485713761,-1.0074645321237332,0
2,0,4,20,0,5,1,1,-0.9191060114696326,-0.9168954751434499,-0.5031863286842572,0.03416424037250481,0.48781474231754474,0
4,0,10,8,0,2,1,2,0.3243557215399902,0.3140822957467097,1.0528765875783328,-0.6977135791363653,-1.0074645321237332,0
4,1,11,20,0,5,1,1,-0.19375333388068602,-0.1258428104931492,-1.1256114951892935,-0.8195569256244342,0.48781474231754474,0
1,1,3,16,0,4,1,1,1.1533302102130714,1.0174981648268007,-1.3330865506909721,1.6213987070392275,-0.010611682496214593,0
2,0,5,0,0,3,1,2,0.2207339104558549,0.22644550017650028,1.3122204069554313,0.2786686739290992,-0.5090381073099739,0
3,1,7,5,0,4,1,2,1.1533302102130714,1.1933521320968234,0.3785826571978769,-0.6977135791363653,-0.010611682496214593,0
3,1,7,3,0,0,0,1,0.8424647769606661,0.8416441975567779,0.3267138933224572,0.2786686739290992,1.4846675919450634,1
4,0,9,17,0,0,0,1,0.9460865880448014,0.9298613692565912,0.5860577126995559,-1.552252485713761,1.4846675919450634,1
1,1,3,15,0,6,0,1,-0.090131522796551,-0.03762563879333582,-1.7480366616943295,0.8887031469499004,0.986241167131304,1
1,0,2,2,0,4,1,2,-0.8154842003854972,-0.9168954751434499,-0.5031863286842572,0.2786686739290992,-0.010611682496214593,0
3,1,7,16,0,1,1,3,1.360573832381342,1.4574232710666595,0.17110760169619865,3.207815433125493,-1.5058909569374925,0
3,0,8,1,0,6,0,1,0.8424647769606661,0.7540074019865686,0.7935327682012348,-0.20952245260363286,0.986241167131304,1
2,0,5,3,0,6,0,1,-0.090131522796551,-0.03762563879333582,1.001007823702913,-0.6977135791363653,0.986241167131304,1
1,1,2,21,0,6,0,1,-1.3335932558061734,-1.5326745486533315,-1.4368240784418116,1.1332075805064954,0.986241167131304,1
4,0,10,9,0,5,1,2,-0.40099695604895663,-0.30169677776317194,-0.24384250930715912,-0.4540268861602275,0.48781474231754474,0
2,1,3,18,0,0,0,1,0.013490288287584293,0.050011156776873573,0.48232018494871637,-0.8195569256244342,1.4846675919450634,1
1,0,1,16,0,2,1,2,-0.9191060114696326,-0.7410415078734272,-1.0737427313138737,-1.552252485713761,-1.0074645321237332,0
1,1,12,3,0,6,0,1,-1.229971444722038,-1.5326745486533315,-0.7625301480613558,2.1095898335719596,0.986241167131304,1
3,1,8,21,0,6,0,1,1.5678174545496126,1.7209140339068922,-0.1919737454317394,0.5223553669052369,0.986241167131304,1
2,0,5,3,0,4,1,1,-0.090131522796551,-0.03762563879333582,1.9346455734604673,-1.552252485713761,-0.010611682496214593,0
1,1,2,0,0,6,0,2,-1.0227278225537677,-1.0051126468432632,0.3785826571978769,-0.4540268861602275,0.986241167131304,1
1,1,1,19,1,1,0,1,-1.229971444722038,-1.3568205813833087,-0.34758003705799795,0.7668598004618318,-1.5058909569374925,0
3,1,8,1,0,5,1,2,0.7388429658765308,0.7540074019865686,0.5341889488241361,-1.552252485713761,0.48781474231754474,0
1,0,1,10,0,0,0,1,-1.8517023112268494,-2.1478732460336096,-0.8662676758121949,1.6213987070392275,1.4846675919450634,1
1,1,2,1,0,6,0,1,-1.229971444722038,-1.180966614113286,0.3785826571978769,-0.6977135791363653,0.986241167131304,1
4,1,12,4,0,4,1,1,-1.4372150668903083,-1.5326745486533315,-0.39944880093341767,0.8887031469499004,-0.010611682496214593,0
2,0,5,20,0,3,1,3,0.3243557215399902,0.3140822957467097,1.3122204069554313,-0.4540268861602275,-0.5090381073099739,0
2,0,3,7,0,3,1,2,-0.9191060114696326,-0.8292586795732405,-0.9181364396876146,-0.6977135791363653,-0.5090381073099739,0
1,0,2,20,0,2,1,1,-1.229971444722038,-1.180966614113286,-1.5405616061926506,-0.6977135791363653,-1.0074645321237332,0
3,0,8,15,0,2,1,1,1.1533302102130714,1.0174981648268007,-1.488692842317231,0.2786686739290992,-1.0074645321237332,0
2,0,5,14,0,3,1,1,1.2569520212972067,1.1933521320968234,-0.39944880093341767,-0.20952245260363286,-0.5090381073099739,0
2,1,4,7,0,3,1,1,-1.1263496336379029,-1.0927494424134727,-0.5550550925596769,-0.4540268861602275,-0.5090381073099739,0
3,0,8,5,0,4,1,2,0.9460865880448014,0.9298613692565912,1.3640891708308511,-1.552252485713761,-0.010611682496214593,0
1,0,2,5,0,1,1,2,-0.8154842003854972,-0.6534047123032177,1.57156422633253,-1.552252485713761,-1.5058909569374925,0
4,1,9,7,0,5,1,2,0.3243557215399902,0.3140822957467097,1.623432990207949,-1.552252485713761,0.48781474231754474,0
1,1,1,19,0,4,1,1,-0.8154842003854972,-0.7410415078734272,-1.488692842317231,-0.8195569256244342,-0.010611682496214593,0
4,1,11,6,0,6,0,1,-1.3335932558061734,-1.444457376953518,0.3785826571978769,0.2786686739290992,0.986241167131304,1
1,1,1,20,0,3,1,2,-1.5408368779744437,-1.6203113442235408,-1.1774802590647129,0.03416424037250481,-0.5090381073099739,0
4,0,11,4,0,0,0,1,-1.3335932558061734,-1.0927494424134727,1.2603516430800117,-1.552252485713761,1.4846675919450634,1
1,1,12,11,1,2,0,1,-1.0227278225537677,-0.9168954751434499,0.6379264765749756,-0.8195569256244342,-1.0074645321237332,0
4,0,11,15,0,4,1,2,-0.8154842003854972,-1.0051126468432632,-0.710661384185936,2.1095898335719596,-0.010611682496214593,0
4,1,10,11,0,2,1,2,-0.090131522796551,-0.03762563879333582,0.3267138933224572,0.03416424037250481,-1.0074645321237332,0
4,1,12,19,0,0,0,3,-0.6082405782172269,-0.477550745033195,1.623432990207949,-0.8195569256244342,1.4846675919450634,1
3,1,7,13,0,4,1,1,1.5678174545496126,1.2815693037966367,-1.5405616061926506,0.2786686739290992,-0.010611682496214593,0
1,0,2,20,0,0,0,2,-0.8154842003854972,-0.6534047123032177,-1.0737427313138737,-1.552252485713761,1.4846675919450634,1
2,1,5,9,0,2,1,2,0.4279775326241249,0.40229946744652306,1.3122204069554313,-0.8195569256244342,-1.0074645321237332,0
2,1,4,2,0,1,1,1,-0.40099695604895663,-0.30169677776317194,0.43045142107329665,-0.4540268861602275,-1.5058909569374925,0
1,0,1,20,0,2,1,3,-1.7480805001427142,-1.8843824831933773,1.57156422633253,0.03416424037250481,-1.0074645321237332,0
3,0,9,22,0,5,1,2,0.7388429658765308,0.7540074019865686,0.5341889488241361,-0.20952245260363286,0.48781474231754474,0
1,1,3,4,0,5,1,2,-0.5046187671330916,-0.3893335733333813,1.2603516430800117,0.5223553669052369,0.48781474231754474,0
2,1,4,12,0,1,1,3,-0.8154842003854972,-1.0051126468432632,0.43045142107329665,1.376894273482633,-1.5058909569374925,0
3,0,7,20,0,4,1,1,1.7750610767178827,2.424329902986983,0.43045142107329665,0.2786686739290992,-0.010611682496214593,0
1,1,1,2,0,4,1,3,-0.7118623893013623,-0.7410415078734272,1.57156422633253,0.5223553669052369,-0.010611682496214593,0
2,1,6,8,0,0,0,1,0.2207339104558549,0.22644550017650028,-0.14010498155631967,-0.8195569256244342,1.4846675919450634,1
1,0,1,13,0,5,1,2,-1.5408368779744437,-1.7085285159233545,-1.3330865506909721,0.7668598004618318,0.48781474231754474,0
1,1,3,22,0,5,1,1,-0.8154842003854972,-1.0927494424134727,-1.64429913394349,2.4751198730361663,0.48781474231754474,0
2,1,4,7,0,5,1,1,-0.40099695604895663,-0.30169677776317194,1.623432990207949,-1.552252485713761,0.48781474231754474,0
2,0,5,10,0,0,0,2,0.8424647769606661,0.7540074019865686,1.0528765875783328,0.2786686739290992,1.4846675919450634,1
1,0,3,8,0,3,1,2,-1.3335932558061734,-1.3568205813833087,1.2603516430800117,-0.4540268861602275,-0.5090381073099739,0
2,1,3,11,0,1,1,1,-0.090131522796551,-0.03762563879333582,-1.64429913394349,3.207815433125493,-1.5058909569374925,0
2,1,5,18,0,5,1,1,0.7388429658765308,0.8416441975567779,-1.2812177868155523,0.2786686739290992,0.48781474231754474,0
4,0,12,12,0,1,1,1,-1.1263496336379029,-1.0927494424134727,-0.5550550925596769,-0.6977135791363653,-1.5058909569374925,0
1,0,2,9,0,6,0,2,-1.229971444722038,-1.2686034096834955,-0.34758003705799795,-0.20952245260363286,0.986241167131304,1
2,0,4,18,0,1,1,2,1.1533302102130714,0.9298613692565912,-2.0592492449468476,2.4751198730361663,-1.5058909569374925,0
3,0,9,5,0,5,1,1,-0.6082405782172269,-0.477550745033195,0.6897952404503953,0.03416424037250481,0.48781474231754474,0
1,1,2,20,0,0,0,1,-1.1263496336379029,-1.180966614113286,-0.34758003705799795,0.03416424037250481,1.4846675919450634,1
4,0,12,23,0,1,1,2,-0.19375333388068602,-0.1258428104931492,1.3122204069554313,-0.4540268861602275,-1.5058909569374925,0
2,0,4,21,0,1,1,1,0.3243557215399902,0.3140822957467097,-1.3330865506909721,0.7668598004618318,-1.5058909569374925,0
2,0,6,11,0,6,0,1,1.360573832381342,1.3692060993668462,-0.036367453805480225,-0.4540268861602275,0.986241167131304,1
1,0,3,11,0,3,1,1,-0.8154842003854972,-1.0051126468432632,-0.5031863286842572,1.1332075805064954,-0.5090381073099739,0
4,0,11,21,0,6,0,1,-0.9191060114696326,-0.7410415078734272,0.17110760169619865,-1.552252485713761,0.986241167131304,1
1,0,3,18,0,2,1,2,-0.7118623893013623,-0.8292586795732405,-0.036367453805480225,0.8887031469499004,-1.0074645321237332,0
3,1,7,12,0,5,1,1,1.9823046988861532,1.633277238336683,-1.7999054255697489,-0.6977135791363653,0.48781474231754474,0
4,1,12,23,0,0,0,2,-0.7118623893013623,-0.7410415078734272,1.57156422633253,-0.4540268861602275,1.4846675919450634,1
2,0,4,4,0,5,1,1,-0.8154842003854972,-0.9168954751434499,-0.5031863286842572,0.7668598004618318,0.48781474231754474,0
4,0,10,23,0,0,0,1,-0.7118623893013623,-0.6534047123032177,0.9491390598274939,-0.8195569256244342,1.4846675919450634,1
2,0,5,21,0,3,1,1,-0.5046187671330916,-0.3893335733333813,-0.036367453805480225,-0.20952245260363286,-0.5090381073099739,0
4,1,11,15,0,6,0,2,-0.7118623893013623,-0.9168954751434499,-0.8662676758121949,2.1095898335719596,0.986241167131304,1
3,1,9,16,0,2,1,1,1.360573832381342,1.4574232710666595,0.3785826571978769,1.8650854000153652,-1.0074645321237332,0
3,0,7,11,1,1,0,2,1.360573832381342,1.2815693037966367,-0.39944880093341767,-0.8195569256244342,-1.5058909569374925,0
3,0,7,1,0,0,0,1,1.0497083991289362,1.0174981648268007,-0.08823621768089995,-0.4540268861602275,1.4846675919450634,1
1,0,12,1,0,4,1,1,-1.4372150668903083,-1.5326745486533315,-0.8143989119367755,0.2786686739290992,-0.010611682496214593,0
4,1,12,3,0,3,1,1,-0.090131522796551,-0.03762563879333582,0.22297636557161837,-0.4540268861602275,-0.5090381073099739,0
2,1,6,21,0,5,1,3,0.7388429658765308,0.6657902302867552,0.7935327682012348,0.5223553669052369,0.48781474231754474,0
4,1,12,8,0,3,1,1,-1.3335932558061734,-1.2686034096834955,1.2603516430800117,-0.6977135791363653,-0.5090381073099739,0
2,1,6,11,0,3,1,1,0.6352211547923955,0.8416441975567779,-1.021873967438454,-0.8195569256244342,-0.5090381073099739,0
1,1,3,4,0,2,1,2,-0.19375333388068602,-0.1258428104931492,1.001007823702913,0.03416424037250481,-1.0074645321237332,0
4,0,10,18,0,0,0,1,0.013490288287584293,0.050011156776873573,0.01550131006993949,-0.6977135791363653,1.4846675919450634,1
3,1,9,18,0,6,0,3,0.4279775326241249,0.40229946744652306,1.0528765875783328,-0.4540268861602275,0.986241167131304,1
2,1,4,5,0,1,1,1,-0.6082405782172269,-0.477550745033195,-0.036367453805480225,0.5223553669052369,-1.5058909569374925,0
4,1,11,19,0,0,0,1,-1.229971444722038,-1.0051126468432632,-1.1256114951892935,-1.552252485713761,1.4846675919450634,1
3,0,8,10,0,1,1,1,1.0497083991289362,1.0174981648268007,-0.7625301480613558,0.7668598004618318,-1.5058909569374925,0
2,1,5,19,0,5,1,1,0.6352211547923955,0.8416441975567779,-1.1256114951892935,0.03416424037250481,0.48781474231754474,0
3,0,9,3,0,4,1,3,0.6352211547923955,0.40229946744652306,1.623432990207949,-1.552252485713761,-0.010611682496214593,0
2,0,5,16,0,4,1,2,1.5678174545496126,1.545060066636869,-0.710661384185936,1.376894273482633,-0.010611682496214593,0
1,0,1,12,0,1,1,2,-1.644458689058579,-1.5326745486533315,-0.39944880093341767,-0.6977135791363653,-1.5058909569374925,0
4,0,12,3,0,1,1,1,-1.644458689058579,-1.3568205813833087,0.5860577126995559,-1.552252485713761,-1.5058909569374925,0
1,0,12,1,0,6,0,2,-0.9191060114696326,-0.7410415078734272,0.17110760169619865,-1.552252485713761,0.986241167131304,1
1,0,2,14,0,1,1,1,0.5315993437082602,0.6657902302867552,-2.474199355950205,2.4751198730361663,-1.5058909569374925,0
2,1,5,2,0,3,1,3,0.3243557215399902,0.3140822957467097,1.3122204069554313,2.1095898335719596,-0.5090381073099739,0
3,1,9,7,1,1,0,1,0.9460865880448014,0.9298613692565912,1.1566141153291722,-1.552252485713761,-1.5058909569374925,0
2,0,6,6,0,1,1,1,0.4279775326241249,0.40229946744652306,1.3122204069554313,-1.552252485713761,-1.5058909569374925,0
4,1,11,6,0,5,1,1,-1.229971444722038,-1.180966614113286,0.11923883782077893,-0.6977135791363653,0.48781474231754474,0
4,1,10,6,0,2,1,2,-0.6082405782172269,-0.477550745033195,1.001007823702913,0.5223553669052369,-1.0074645321237332,0
4,1,11,3,0,1,1,2,-0.7118623893013623,-0.7410415078734272,0.17110760169619865,0.2786686739290992,-1.5058909569374925,0
3,0,9,16,0,5,1,2,1.0497083991289362,1.0174981648268007,-0.08823621768089995,-0.4540268861602275,0.48781474231754474,0
1,0,2,20,0,6,0,1,-1.0227278225537677,-1.0051126468432632,-0.34758003705799795,-0.20952245260363286,0.986241167131304,1
2,0,6,20,0,3,1,1,0.8424647769606661,0.8416441975567779,-0.9700052035630343,-0.20952245260363286,-0.5090381073099739,0
4,0,10,9,0,5,1,1,-0.9191060114696326,-1.0051126468432632,-0.29571127318257884,0.2786686739290992,0.48781474231754474,0
3,1,8,23,0,0,0,1,0.6352211547923955,0.5781534347165458,1.0528765875783328,-0.8195569256244342,1.4846675919450634,1
2,1,6,13,0,1,1,1,0.7388429658765308,0.8416441975567779,-1.1256114951892935,1.376894273482633,-1.5058909569374925,0
2,1,6,14,0,2,1,2,0.4279775326241249,0.40229946744652306,-0.8662676758121949,-0.20952245260363286,-1.0074645321237332,0
2,1,6,15,0,3,1,1,1.1533302102130714,1.0174981648268007,-1.5924303700680704,2.4751198730361663,-0.5090381073099739,0
2,0,4,14,0,2,1,2,-0.7118623893013623,-0.9168954751434499,-0.29571127318257884,2.4751198730361663,-1.0074645321237332,0
3,0,7,1,0,2,1,1,1.0497083991289362,1.1057153365266141,0.8454015320766545,-0.6977135791363653,-1.0074645321237332,0
4,0,10,0,0,0,0,1,-0.7118623893013623,-0.565187540603404,1.2603516430800117,-1.552252485713761,1.4846675919450634,1
2,0,6,6,0,6,0,1,0.6352211547923955,0.5781534347165458,1.0528765875783328,-0.6977135791363653,0.986241167131304,1
3,0,8,10,0,4,1,1,1.2569520212972067,1.2815693037966367,0.17110760169619865,0.5223553669052369,-0.010611682496214593,0
3,1,7,20,0,0,0,1,1.360573832381342,1.4574232710666595,0.3785826571978769,-0.8195569256244342,1.4846675919450634,1
2,1,5,18,0,2,1,1,1.0497083991289362,1.0174981648268007,-0.08823621768089995,-0.8195569256244342,-1.0074645321237332,0
3,1,9,5,0,4,1,2,1.0497083991289362,1.1057153365266141,1.1047453514537524,0.03416424037250481,-0.010611682496214593,0
3,1,7,8,0,3,1,2,0.9460865880448014,0.9298613692565912,0.8454015320766545,-0.20952245260363286,-0.5090381073099739,0
3,0,7,8,0,5,1,2,1.360573832381342,1.7209140339068922,0.741664004325815,-1.552252485713761,0.48781474231754474,0
2,1,5,7,0,2,1,3,0.3243557215399902,0.3140822957467097,1.623432990207949,-0.4540268861602275,-1.0074645321237332,0
4,1,10,13,0,6,0,2,0.7388429658765308,0.8416441975567779,-0.29571127318257884,2.7196243065927606,0.986241167131304,1
2,1,4,23,0,2,1,1,0.013490288287584293,0.050011156776873573,-0.1919737454317394,-1.552252485713761,-1.0074645321237332,0
1,1,1,20,0,4,1,1,-1.0227278225537677,-0.8292586795732405,-0.710661384185936,-1.552252485713761,-0.010611682496214593,0
1,1,12,1,0,0,0,2,-1.229971444722038,-1.444457376953518,-0.34758003705799795,1.8650854000153652,1.4846675919450634,1
4,0,12,4,0,6,0,1,-1.3335932558061734,-1.3568205813833087,0.11923883782077893,-0.20952245260363286,0.986241167131304,1
1,0,3,10,0,6,0,2,-0.8154842003854972,-0.8292586795732405,1.57156422633253,0.03416424037250481,0.986241167131304,1
2,0,5,12,0,5,1,2,1.360573832381342,1.2815693037966367,-0.39944880093341767,0.8887031469499004,0.48781474231754474,0
3,1,8,0,0,5,1,1,0.9460865880448014,0.9298613692565912,1.0528765875783328,-0.20952245260363286,0.48781474231754474,0
2,1,4,3,0,2,1,1,-0.7118623893013623,-0.7410415078734272,0.43045142107329665,-0.4540268861602275,-1.0074645321237332,0
1,1,2,20,0,3,1,3,-1.3335932558061734,-1.3568205813833087,1.2603516430800117,-0.4540268861602275,-0.5090381073099739,0
2,1,5,19,0,6,0,2,0.7388429658765308,0.8416441975567779,-1.3849553145663918,-0.20952245260363286,0.986241167131304,1
2,0,4,9,0,1,1,2,0.3243557215399902,0.3140822957467097,1.0528765875783328,0.7668598004618318,-1.5058909569374925,0
4,0,9,20,0,5,1,1,0.5315993437082602,0.22644550017650028,1.623432990207949,-1.552252485713761,0.48781474231754474,0
4,1,10,17,0,5,1,3,0.6352211547923955,0.7540074019865686,0.3267138933224572,1.376894273482633,0.48781474231754474,0
3,1,8,2,0,6,0,3,0.6352211547923955,0.48993626301673243,1.3122204069554313,-0.20952245260363286,0.986241167131304,1
3,0,9,22,0,4,1,2,0.6352211547923955,0.22644550017650028,1.9346455734604673,-0.8195569256244342,-0.010611682496214593,0
2,1,5,5,0,2,1,2,0.11711209937171958,0.13822832847668692,0.48232018494871637,-0.8195569256244342,-1.0074645321237332,0
1,0,1,11,0,5,1,1,-1.4372150668903083,-1.7085285159233545,-1.1256114951892935,2.2314331800600287,0.48781474231754474,0
1,0,1,9,0,1,1,1,-2.26618955556339,-1.8843824831933773,-1.1256114951892935,-1.552252485713761,-1.5058909569374925,0
1,1,1,7,0,5,1,2,-0.40099695604895663,-0.30169677776317194,1.9346455734604673,0.8887031469499004,0.48781474231754474,0
4,1,9,14,0,1,1,1,0.5315993437082602,0.7540074019865686,-1.7999054255697489,-1.552252485713761,-1.5058909569374925,0
4,0,10,6,1,1,0,1,-0.2973751449648213,-0.21347960606335856,1.623432990207949,-1.552252485713761,-1.5058909569374925,0
3,0,7,0,0,0,0,1,0.8424647769606661,0.8416441975567779,0.11923883782077893,0.2786686739290992,1.4846675919450634,1
4,0,11,1,0,3,1,1,-0.8154842003854972,-1.0051126468432632,0.17110760169619865,1.1332075805064954,-0.5090381073099739,0
2,1,5,23,0,0,0,3,0.5315993437082602,0.5781534347165458,0.7935327682012348,1.376894273482633,1.4846675919450634,1
4,1,11,2,0,1,1,1,-1.5408368779744437,-1.2686034096834955,0.3267138933224572,-1.552252485713761,-1.5058909569374925,0
1,0,3,1,0,4,1,1,-0.7118623893013623,-0.7410415078734272,0.43045142107329665,0.2786686739290992,-0.010611682496214593,0
1,1,1,2,0,2,1,1,-1.644458689058579,-1.796165311493564,-0.6069238564350966,0.5223553669052369,-1.0074645321237332,0
2,0,6,11,0,5,1,1,0.7388429658765308,0.8416441975567779,-1.64429913394349,1.1332075805064954,0.48781474231754474,0
3,0,7,0,0,3,1,1,1.0497083991289362,1.1057153365266141,1.1047453514537524,-0.6977135791363653,-0.5090381073099739,0
1,1,3,9,0,6,0,1,-1.3335932558061734,-1.5326745486533315,-1.1256114951892935,1.1332075805064954,0.986241167131304,1
2,1,6,1,0,6,0,1,0.3243557215399902,0.3140822957467097,-0.34758003705799795,-1.552252485713761,0.986241167131304,1
2,0,5,8,0,6,0,1,0.3243557215399902,0.3140822957467097,0.2748451294470381,0.7668598004618318,0.986241167131304,1
1,0,1,21,0,6,0,1,-1.644458689058579,-1.5326745486533315,0.5860577126995559,-0.8195569256244342,0.986241167131304,1
2,1,3,4,0,4,1,2,-0.090131522796551,-0.03762563879333582,1.9346455734604673,-0.8195569256244342,-0.010611682496214593,0
3,1,7,19,0,4,1,1,2.0859265099702884,2.248475935716961,-0.9181364396876146,1.1332075805064954,-0.010611682496214593,0
1,1,3,7,0,5,1,2,-0.5046187671330916,-0.3893335733333813,1.2603516430800117,0.03416424037250481,0.48781474231754474,0
4,1,10,20,0,2,1,1,0.4279775326241249,0.40229946744652306,0.06737007394535921,-0.4540268861602275,-1.0074645321237332,0
2,1,5,21,0,3,1,1,0.7388429658765308,0.7540074019865686,0.5341889488241361,0.03416424037250481,-0.5090381073099739,0
4,1,10,2,0,3,1,2,-1.0227278225537677,-1.0051126468432632,0.9491390598274939,-0.4540268861602275,-0.5090381073099739,0
4,0,11,14,0,0,0,1,-0.19375333388068602,-0.1258428104931492,-0.39944880093341767,0.03416424037250481,1.4846675919450634,1
3,1,8,10,0,2,1,1,1.2569520212972067,1.1933521320968234,-0.036367453805480225,0.5223553669052369,-1.0074645321237332,0
2,0,5,13,0,6,0,3,0.11711209937171958,0.13822832847668692,1.9346455734604673,-0.8195569256244342,0.986241167131304,1
1,1,2,20,0,6,0,1,-1.229971444722038,-1.5326745486533315,-1.6961678978189099,2.9633109995688987,0.986241167131304,1
1,1,2,13,0,2,1,1,-0.7118623893013623,-0.6534047123032177,-1.5924303700680704,-0.6977135791363653,-1.0074645321237332,0
2,1,6,21,0,1,1,1,0.4279775326241249,0.40229946744652306,-0.710661384185936,0.5223553669052369,-1.5058909569374925,0
4,1,11,13,0,3,1,1,-0.8154842003854972,-0.8292586795732405,-1.0737427313138737,0.03416424037250481,-0.5090381073099739,0
2,1,6,20,0,0,0,1,0.8424647769606661,0.8416441975567779,-1.2293490229401327,0.03416424037250481,1.4846675919450634,1
4,0,12,9,0,6,0,1,-1.1263496336379029,-1.2686034096834955,-0.08823621768089995,0.7668598004618318,0.986241167131304,1
3,0,9,1,0,6,0,2,0.6352211547923955,0.40229946744652306,1.623432990207949,-1.552252485713761,0.986241167131304,1
3,1,8,22,0,6,0,2,0.8424647769606661,0.6657902302867552,1.3640891708308511,-0.20952245260363286,0.986241167131304,1
3,0,7,7,0,1,1,1,0.9460865880448014,0.9298613692565912,0.5860577126995559,0.2786686739290992,-1.5058909569374925,0
2,0,3,19,0,6,0,2,-1.1263496336379029,-1.180966614113286,-0.9181364396876146,0.5223553669052369,0.986241167131304,1
3,1,7,15,0,6,0,1,2.3967919432226936,2.1608391401467513,-1.9036429533205883,-1.552252485713761,0.986241167131304,1
1,1,1,18,0,2,1,1,-0.5046187671330916,-0.3893335733333813,-0.036367453805480225,-0.8195569256244342,-1.0074645321237332,0
1,1,12,12,0,0,0,1,-1.0227278225537677,-1.0927494424134727,-1.0737427313138737,0.03416424037250481,1.4846675919450634,1
1,0,2,2,0,5,1,2,-0.9191060114696326,-0.7410415078734272,1.9346455734604673,-1.552252485713761,0.48781474231754474,0
1,0,1,4,0,3,1,3,-1.4372150668903083,-1.444457376953518,1.57156422633253,-0.4540268861602275,-0.5090381073099739,0
4,0,11,4,0,5,1,1,-1.0227278225537677,-0.9168954751434499,0.6379264765749756,-0.6977135791363653,0.48781474231754474,0
3,0,8,8,0,0,0,1,1.1533302102130714,1.2815693037966367,0.8454015320766545,0.03416424037250481,1.4846675919450634,1
1,0,3,17,0,4,1,2,-0.2973751449648213,-0.21347960606335856,-3.2522308140815,1.6213987070392275,-0.010611682496214593,0
1,1,12,1,0,5,1,1,-1.3335932558061734,-1.444457376953518,-0.14010498155631967,0.03416424037250481,0.48781474231754474,0
3,1,9,21,0,3,1,1,0.013490288287584293,0.050011156776873573,-0.1919737454317394,-0.20952245260363286,-0.5090381073099739,0
1,1,1,23,0,6,0,1,-0.9191060114696326,-0.9168954751434499,-1.64429913394349,0.03416424037250481,0.986241167131304,1
1,0,12,5,0,5,1,1,-0.7118623893013623,-0.7410415078734272,1.57156422633253,0.03416424037250481,0.48781474231754474,0
1,1,2,13,0,2,1,1,-0.2973751449648213,-0.21347960606335856,-1.2812177868155523,0.5223553669052369,-1.0074645321237332,0
1,0,3,3,0,3,1,1,-1.3335932558061734,-1.2686034096834955,0.3785826571978769,-0.8195569256244342,-0.5090381073099739,0
2,1,4,5,0,3,1,2,0.013490288287584293,0.050011156776873573,-1.2293490229401327,0.7668598004618318,-0.5090381073099739,0
4,0,11,19,0,1,1,1,-0.19375333388068602,-0.1258428104931492,-0.1919737454317394,-1.552252485713761,-1.5058909569374925,0
1,0,3,18,0,4,1,2,-0.19375333388068602,-0.1258428104931492,-0.1919737454317394,-0.20952245260363286,-0.010611682496214593,0
4,1,11,4,0,5,1,1,-1.4372150668903083,-1.180966614113286,0.6379264765749756,-1.552252485713761,0.48781474231754474,0
1,0,2,0,0,2,1,2,-1.7480805001427142,-1.7085285159233545,0.06737007394535921,-0.6977135791363653,-1.0074645321237332,0
3,1,8,2,0,0,0,1,1.2569520212972067,1.2815693037966367,0.3785826571978769,0.8887031469499004,1.4846675919450634,1
1,0,3,8,0,4,1,1,-1.8517023112268494,-2.0602364504634,-1.2293490229401327,0.8887031469499004,-0.010611682496214593,0
4,1,10,4,0,6,0,1,-0.2973751449648213,-0.21347960606335856,0.48232018494871637,-1.552252485713761,0.986241167131304,1
3,1,9,10,0,5,1,2,0.9460865880448014,0.9298613692565912,0.11923883782077893,-1.552252485713761,0.48781474231754474,0
1,0,3,17,0,3,1,2,-0.8154842003854972,-1.0051126468432632,0.6897952404503953,0.8887031469499004,-0.5090381073099739,0
2,1,5,23,0,0,0,3,0.6352211547923955,0.5781534347165458,1.0528765875783328,-0.4540268861602275,1.4846675919450634,1
3,0,7,0,0,0,0,1,1.5678174545496126,1.7209140339068922,-0.1919737454317394,-0.6977135791363653,1.4846675919450634,1
2,1,6,10,0,2,1,1,0.7388429658765308,0.7540074019865686,0.5341889488241361,-0.8195569256244342,-1.0074645321237332,0
3,1,9,12,0,4,1,1,0.6352211547923955,0.8416441975567779,-1.021873967438454,-0.4540268861602275,-0.010611682496214593,0
1,1,1,5,0,3,1,1,-0.8154842003854972,-1.0927494424134727,-0.8662676758121949,2.7196243065927606,-0.5090381073099739,0
3,0,7,16,0,1,1,1,1.8786828878020179,2.1608391401467513,-0.34758003705799795,1.6213987070392275,-1.5058909569374925,0
3,0,9,0,0,4,1,1,0.5315993437082602,0.5781534347165458,0.7935327682012348,-0.6977135791363653,-0.010611682496214593,0
1,0,2,17,0,4,1,1,-1.5408368779744437,-1.6203113442235408,-1.1774802590647129,0.03416424037250481,-0.010611682496214593,0
1,1,12,2,0,0,0,1,-1.5408368779744437,-1.5326745486533315,-0.6069238564350966,-0.20952245260363286,1.4846675919450634,1
3,1,9,17,0,2,1,1,1.0497083991289362,0.9298613692565912,-1.7999054255697489,-1.552252485713761,-1.0074645321237332,0
2,1,3,9,0,6,0,2,0.11711209937171958,0.13822832847668692,1.0528765875783328,-0.4540268861602275,0.986241167131304,1
2,1,3,6,0,4,1,1,-0.19375333388068602,-0.1258428104931492,-0.1919737454317394,0.5223553669052369,-0.010611682496214593,0
1,0,1,17,0,0,0,1,-1.8517023112268494,-2.1478732460336096,-1.9036429533205883,1.6213987070392275,1.4846675919450634,1
1,1,2,3,0,5,1,1,-0.40099695604895663,-0.30169677776317194,1.001007823702913,-0.4540268861602275,0.48781474231754474,0
2,1,5,16,0,3,1,3,1.0497083991289362,1.0174981648268007,-0.08823621768089995,-0.8195569256244342,-0.5090381073099739,0
3,0,8,15,0,1,1,1,1.2569520212972067,1.0174981648268007,-1.6961678978189099,0.8887031469499004,-1.5058909569374925,0
3,1,6,18,0,5,1,1,2.3967919432226936,2.248475935716961,-1.64429913394349,-1.552252485713761,0.48781474231754474,0
3,1,8,3,0,4,1,1,0.6352211547923955,0.6657902302867552,0.5341889488241361,0.5223553669052369,-0.010611682496214593,0
2,1,4,19,0,4,1,1,0.4279775326241249,0.40229946744652306,-0.8662676758121949,-0.4540268861602275,-0.010611682496214593,0
3,1,8,21,0,5,1,1,1.2569520212972067,1.2815693037966367,0.17110760169619865,0.5223553669052369,0.48781474231754474,0
1,0,1,9,0,1,1,1,-1.7480805001427142,-1.9720192787635866,-1.021873967438454,1.6213987070392275,-1.5058909569374925,0
4,0,10,22,0,1,1,1,-0.090131522796551,-0.03762563879333582,0.6379264765749756,-0.20952245260363286,-1.5058909569374925,0
1,1,1,9,0,3,1,1,-1.1263496336379029,-1.2686034096834955,-0.5550550925596769,1.1332075805064954,-0.5090381073099739,0
1,0,2,13,0,6,0,1,-0.2973751449648213,-0.21347960606335856,-2.422330592074785,3.451502126101631,0.986241167131304,1
3,0,6,21,0,2,1,1,1.1533302102130714,1.2815693037966367,0.5860577126995559,0.03416424037250481,-1.0074645321237332,0
1,1,2,5,1,1,0,2,-1.3335932558061734,-1.5326745486533315,-0.14010498155631967,1.376894273482633,-1.5058909569374925,0
2,0,4,19,0,5,1,3,-1.0227278225537677,-1.180966614113286,1.57156422633253,1.8650854000153652,0.48781474231754474,0
4,0,10,4,0,2,1,1,-0.5046187671330916,-0.3893335733333813,1.001007823702913,-0.8195569256244342,-1.0074645321237332,0
2,1,5,3,0,3,1,3,0.6352211547923955,0.48993626301673243,1.3122204069554313,-0.4540268861602275,-0.5090381073099739,0
4,1,11,16,0,3,1,1,-0.8154842003854972,-0.7410415078734272,-0.8662676758121949,-0.6977135791363653,-0.5090381073099739,0
4,1,11,22,0,0,0,1,-0.40099695604895663,-0.30169677776317194,0.43045142107329665,0.03416424037250481,1.4846675919450634,1
4,1,9,4,0,1,1,1,-0.2973751449648213,-0.21347960606335856,0.22297636557161837,-0.6977135791363653,-1.5058909569374925,0
4,0,10,2,0,3,1,2,0.11711209937171958,0.13822832847668692,0.741664004325815,0.03416424037250481,-0.5090381073099739,0
1,1,3,4,0,4,1,1,-0.2973751449648213,-0.21347960606335856,0.741664004325815,-0.6977135791363653,-0.010611682496214593,0
3,0,7,12,0,0,0,1,2.0859265099702884,1.7209140339068922,-1.9555117171960081,0.03416424037250481,1.4846675919450634,1
1,1,2,23,0,5,1,1,-0.7118623893013623,-0.7410415078734272,-1.1774802590647129,0.03416424037250481,0.48781474231754474,0
4,1,11,21,0,2,1,1,-1.0227278225537677,-1.180966614113286,-0.710661384185936,1.376894273482633,-1.0074645321237332,0
1,0,1,7,0,0,0,2,-0.5046187671330916,-0.3893335733333813,0.6897952404503953,0.03416424037250481,1.4846675919450634,1
3,1,8,13,0,2,1,1,1.2569520212972067,1.0174981648268007,-1.1774802590647129,-1.552252485713761,-1.0074645321237332,0
1,0,2,15,0,3,1,1,-0.19375333388068602,-0.1258428104931492,-1.7999054255697489,1.8650854000153652,-0.5090381073099739,0
1,1,2,4,0,3,1,1,-0.5046187671330916,-0.3893335733333813,-0.6587926203105163,-0.20952245260363286,-0.5090381073099739,0
1,1,1,21,0,5,1,2,-1.5408368779744437,-1.444457376953518,-1.3330865506909721,-0.8195569256244342,0.48781474231754474,0
3,0,7,23,0,1,1,1,1.0497083991289362,1.1057153365266141,1.1047453514537524,-0.8195569256244342,-1.5058909569374925,0
3,0,7,17,0,1,1,1,1.1533302102130714,1.2815693037966367,0.5860577126995559,-1.552252485713761,-1.5058909569374925,0
3,1,9,20,0,1,1,1,0.5315993437082602,0.8416441975567779,-1.1774802590647129,0.03416424037250481,-1.5058909569374925,0
3,1,8,2,0,5,1,1,0.8424647769606661,-1.3568205813833087,-0.08823621768089995,-0.4540268861602275,0.48781474231754474,0
2,1,3,17,0,0,0,1,0.013490288287584293,0.050011156776873573,0.48232018494871637,-0.8195569256244342,1.4846675919450634,1
1,1,12,10,0,3,1,3,-1.5408368779744437,-1.7085285159233545,1.2084828792045919,0.8887031469499004,-0.5090381073099739,0
2,1,6,8,0,3,1,2,0.6352211547923955,0.6657902302867552,0.5341889488241361,2.7196243065927606,-0.5090381073099739,0
3,0,6,11,0,4,1,3,1.360573832381342,1.4574232710666595,0.17110760169619865,0.5223553669052369,-0.010611682496214593,0
3,1,6,3,0,6,0,2,0.7388429658765308,0.5781534347165458,1.0528765875783328,-0.8195569256244342,0.986241167131304,1
3,0,7,6,0,1,1,2,1.1533302102130714,1.3692060993668462,1.1047453514537524,-0.8195569256244342,-1.5058909569374925,0
3,1,8,8,0,2,1,2,1.0497083991289362,1.0174981648268007,0.3785826571978769,-0.20952245260363286,-1.0074645321237332,0
2,1,4,18,0,6,0,2,0.6352211547923955,0.8416441975567779,-1.4368240784418116,0.2786686739290992,0.986241167131304,1
4,1,12,23,0,1,1,1,-0.40099695604895663,-0.30169677776317194,1.001007823702913,-0.6977135791363653,-1.5058909569374925,0
4,0,11,16,1,5,0,1,-0.7118623893013623,-0.8292586795732405,-1.488692842317231,1.1332075805064954,0.48781474231754474,0
2,0,4,18,0,5,1,1,-0.8154842003854972,-1.0051126468432632,-0.8662676758121949,1.1332075805064954,0.48781474231754474,0
4,0,10,10,0,1,1,1,0.11711209937171958,0.13822832847668692,-0.9181364396876146,-0.20952245260363286,-1.5058909569374925,0
2,1,3,19,0,4,1,1,-0.090131522796551,-0.03762563879333582,-1.2293490229401327,0.7668598004618318,-0.010611682496214593,0
2,0,5,19,0,5,1,3,0.5315993437082602,0.5781534347165458,0.7935327682012348,0.5223553669052369,0.48781474231754474,0
3,0,8,0,0,3,1,2,1.5678174545496126,1.545060066636869,-0.710661384185936,-0.20952245260363286,-0.5090381073099739,0
2,0,4,0,0,4,1,1,0.7388429658765308,0.6657902302867552,0.7935327682012348,1.376894273482633,-0.010611682496214593,0
3,0,7,20,1,1,0,2,1.360573832381342,1.2815693037966367,-0.39944880093341767,-0.6977135791363653,-1.5058909569374925,0
3,1,9,20,0,6,0,3,1.360573832381342,1.4574232710666595,0.22297636557161837,0.5223553669052369,0.986241167131304,1
3,1,9,17,1,1,0,1,1.2569520212972067,1.2815693037966367,0.3785826571978769,-0.4540268861602275,-1.5058909569374925,0
1,1,3,21,0,5,1,2,-0.2973751449648213,-0.21347960606335856,1.623432990207949,-1.552252485713761,0.48781474231754474,0
4,0,11,20,0,2,1,2,-0.090131522796551,-0.03762563879333582,1.001007823702913,-0.4540268861602275,-1.0074645321237332,0
2,1,6,2,0,4,1,1,0.11711209937171958,0.13822832847668692,0.741664004325815,-0.8195569256244342,-0.010611682496214593,0
2,1,5,8,0,3,1,2,0.5315993437082602,0.6657902302867552,0.5341889488241361,-0.20952245260363286,-0.5090381073099739,0
3,1,7,3,0,3,1,1,1.2569520212972067,1.2815693037966367,0.17110760169619865,-0.4540268861602275,-0.5090381073099739,0
4,0,10,21,0,1,1,2,-0.7118623893013623,-0.7410415078734272,0.6897952404503953,0.03416424037250481,-1.5058909569374925,0
3,1,7,21,0,0,0,1,1.0497083991289362,1.1057153365266141,0.8454015320766545,-0.6977135791363653,1.4846675919450634,1
1,1,2,0,0,5,1,2,-0.2973751449648213,-0.21347960606335856,-0.24384250930715912,-0.8195569256244342,0.48781474231754474,0
1,0,1,3,0,0,0,1,-2.0589459333951194,-2.3237272133036324,-0.8662676758121949,1.8650854000153652,1.4846675919450634,1
1,1,2,10,0,3,1,1,-0.5046187671330916,-0.3893335733333813,-0.036367453805480225,-0.4540268861602275,-0.5090381073099739,0
1,1,1,21,1,1,0,2,-1.3335932558061734,-1.5326745486533315,-1.1256114951892935,1.1332075805064954,-1.5058909569374925,0
4,1,11,9,0,0,0,1,-0.7118623893013623,-0.565187540603404,0.741664004325815,-1.552252485713761,1.4846675919450634,1
3,0,7,22,0,1,1,1,1.0497083991289362,1.1057153365266141,1.1047453514537524,-1.552252485713761,-1.5058909569374925,0
4,1,11,13,0,6,0,2,-0.7118623893013623,-0.8292586795732405,-0.8662676758121949,1.376894273482633,0.986241167131304,1
2,1,5,1,0,4,1,1,0.5315993437082602,0.40229946744652306,1.3122204069554313,-0.8195569256244342,-0.010611682496214593,0
1,1,2,11,0,0,0,1,-1.9553241223109845,-2.1478732460336096,-1.0737427313138737,0.8887031469499004,1.4846675919450634,1
1,1,1,15,0,1,1,2,-1.4372150668903083,-1.5326745486533315,1.9346455734604673,0.2786686739290992,-1.5058909569374925,0
1,0,1,16,0,4,1,1,-1.3335932558061734,-1.5326745486533315,-1.2812177868155523,1.376894273482633,-0.010611682496214593,0
4,0,10,3,0,3,1,1,-0.2973751449648213,-0.21347960606335856,0.22297636557161837,0.2786686739290992,-0.5090381073099739,0
3,1,6,1,0,6,0,3,0.7388429658765308,0.5781534347165458,1.3640891708308511,0.2786686739290992,0.986241167131304,1
3,0,9,12,0,3,1,3,0.3243557215399902,0.3140822957467097,1.623432990207949,-1.552252485713761,-0.5090381073099739,0
2,0,6,7,0,5,1,1,1.1533302102130714,1.1933521320968234,0.17110760169619865,-0.6977135791363653,0.48781474231754474,0
1,1,2,18,0,1,1,1,0.11711209937171958,0.13822832847668692,-1.8517741894451687,1.8650854000153652,-1.5058909569374925,0
1,1,2,7,0,3,1,1,-0.9191060114696326,-0.8292586795732405,0.6897952404503953,-0.8195569256244342,-0.5090381073099739,0
3,1,8,23,0,3,1,1,1.0497083991289362,1.1057153365266141,0.5860577126995559,-1.552252485713761,-0.5090381073099739,0
4,0,10,3,0,2,1,1,-0.5046187671330916,-0.3893335733333813,1.001007823702913,-0.6977135791363653,-1.0074645321237332,0
4,0,11,21,0,4,1,1,-0.5046187671330916,-0.3893335733333813,0.6897952404503953,-0.4540268861602275,-0.010611682496214593,0
2,1,5,16,0,5,1,1,0.8424647769606661,0.8416441975567779,-1.488692842317231,0.5223553669052369,0.48781474231754474,0
1,0,3,7,0,3,1,2,-1.3335932558061734,-1.3568205813833087,1.2603516430800117,-0.20952245260363286,-0.5090381073099739,0
4,1,10,23,0,4,1,1,0.5315993437082602,0.8416441975567779,-0.34758003705799795,-0.8195569256244342,-0.010611682496214593,0
4,0,11,18,0,5,1,1,-0.40099695604895663,-0.30169677776317194,-1.5924303700680704,2.2314331800600287,0.48781474231754474,0
2,1,3,18,0,6,0,2,-0.2973751449648213,-0.21347960606335856,0.48232018494871637,2.2314331800600287,0.986241167131304,1
2,1,4,8,0,1,1,1,-0.2973751449648213,-0.21347960606335856,-1.6961678978189099,0.03416424037250481,-1.5058909569374925,0
4,1,10,8,0,1,1,1,-0.2973751449648213,-0.21347960606335856,0.22297636557161837,-1.552252485713761,-1.5058909569374925,0
4,0,12,5,0,0,0,1,-1.229971444722038,-1.0051126468432632,0.9491390598274939,-1.552252485713761,1.4846675919450634,1
1,1,2,14,0,3,1,1,-0.2973751449648213,-0.21347960606335856,-0.4513175648088374,1.1332075805064954,-0.5090381073099739,0
4,0,10,8,0,0,0,1,-0.2973751449648213,-0.21347960606335856,-0.036367453805480225,0.03416424037250481,1.4846675919450634,1
2,1,4,0,0,1,1,3,-0.7118623893013623,-0.8292586795732405,0.9491390598274939,1.8650854000153652,-1.5058909569374925,0
3,0,7,13,0,4,1,1,1.8786828878020179,1.8091312056067057,-1.1256114951892935,-1.552252485713761,-0.010611682496214593,0
2,1,5,1,0,0,0,1,0.8424647769606661,0.8416441975567779,0.5860577126995559,0.2786686739290992,1.4846675919450634,1
1,1,2,11,0,3,1,2,-1.229971444722038,-1.2686034096834955,0.11923883782077893,0.2786686739290992,-0.5090381073099739,0
1,0,1,9,0,1,1,2,-1.7480805001427142,-1.9720192787635866,-0.1919737454317394,0.8887031469499004,-1.5058909569374925,0
4,0,11,15,0,1,1,1,0.3243557215399902,0.3140822957467097,-1.3330865506909721,-0.6977135791363653,-1.5058909569374925,0
4,0,10,21,0,1,1,1,0.013490288287584293,0.050011156776873573,0.741664004325815,-0.6977135791363653,-1.5058909569374925,0
3,1,8,5,0,6,0,2,0.7388429658765308,0.7540074019865686,0.5341889488241361,-0.20952245260363286,0.986241167131304,1
3,1,6,3,0,0,0,2,0.8424647769606661,0.8416441975567779,0.11923883782077893,-0.8195569256244342,1.4846675919450634,1
2,1,6,11,0,2,1,1,0.8424647769606661,0.8416441975567779,0.3267138933224572,-0.4540268861602275,-1.0074645321237332,0
3,1,7,0,0,1,1,1,1.0497083991289362,1.1057153365266141,0.5860577126995559,-0.8195569256244342,-1.5058909569374925,0
3,0,7,23,0,3,1,1,0.8424647769606661,0.7540074019865686,1.0528765875783328,0.5223553669052369,-0.5090381073099739,0
2,1,5,2,0,2,1,2,0.013490288287584293,0.050011156776873573,0.48232018494871637,-0.8195569256244342,-1.0074645321237332,0
3,1,9,0,0,4,1,1,0.013490288287584293,0.050011156776873573,0.01550131006993949,-1.552252485713761,-0.010611682496214593,0
2,0,5,14,0,3,1,2,0.4279775326241249,0.40229946744652306,0.7935327682012348,0.7668598004618318,-0.5090381073099739,0
2,0,6,17,0,5,1,1,1.6714392656337473,1.7209140339068922,-0.5550550925596769,0.2786686739290992,0.48781474231754474,0
4,1,12,2,0,4,1,2,-1.229971444722038,-1.3568205813833087,-0.34758003705799795,0.5223553669052369,-0.010611682496214593,0
2,0,5,2,0,4,1,1,-0.8154842003854972,-0.9168954751434499,0.17110760169619865,0.2786686739290992,-0.010611682496214593,0
1,1,1,17,0,5,1,1,-1.1263496336379029,-1.3568205813833087,-1.5405616061926506,1.8650854000153652,0.48781474231754474,0
3,0,6,1,0,3,1,1,0.8424647769606661,0.7540074019865686,0.7935327682012348,-0.4540268861602275,-0.5090381073099739,0
2,0,6,21,0,5,1,1,0.7388429658765308,0.8416441975567779,-1.7480366616943295,-0.6977135791363653,0.48781474231754474,0
3,1,8,14,0,0,0,1,0.7388429658765308,0.5781534347165458,1.3640891708308511,-0.6977135791363653,1.4846675919450634,1
3,1,8,2,0,0,0,2,0.7388429658765308,0.5781534347165458,1.3640891708308511,0.2786686739290992,1.4846675919450634,1
1,0,3,8,0,1,1,2,-1.0227278225537677,-1.0051126468432632,-0.34758003705799795,-0.4540268861602275,-1.5058909569374925,0
4,1,9,3,0,4,1,1,0.5315993437082602,0.5781534347165458,0.7935327682012348,-1.552252485713761,-0.010611682496214593,0
2,1,4,3,0,3,1,2,0.013490288287584293,0.050011156776873573,-1.0737427313138737,0.2786686739290992,-0.5090381073099739,0
3,1,8,3,0,5,1,1,0.9460865880448014,0.9298613692565912,0.8454015320766545,0.2786686739290992,0.48781474231754474,0
4,1,11,8,0,2,1,3,-0.9191060114696326,-1.0051126468432632,1.2603516430800117,0.5223553669052369,-1.0074645321237332,0
4,0,11,7,0,0,0,1,-0.40099695604895663,-0.30169677776317194,0.22297636557161837,0.2786686739290992,1.4846675919450634,1
4,0,9,22,0,3,1,1,0.5315993437082602,0.40229946744652306,1.3122204069554313,-0.8195569256244342,-0.5090381073099739,0
2,0,4,11,0,1,1,2,0.2207339104558549,0.22644550017650028,-0.5550550925596769,-0.8195569256244342,-1.5058909569374925,0
2,0,6,4,0,5,1,1,0.11711209937171958,0.13822832847668692,-0.7625301480613558,1.1332075805064954,0.48781474231754474,0
4,1,9,22,0,3,1,3,0.6352211547923955,0.7540074019865686,0.3267138933224572,0.03416424037250481,-0.5090381073099739,0
1,1,1,1,0,0,0,1,-0.8154842003854972,-0.8292586795732405,-1.0737427313138737,0.03416424037250481,1.4846675919450634,1
2,0,5,14,0,5,1,1,0.6352211547923955,0.8416441975567779,-0.5031863286842572,0.2786686739290992,0.48781474231754474,0
1,0,1,14,0,2,1,2,-1.4372150668903083,-1.444457376953518,0.8972702959520742,-0.20952245260363286,-1.0074645321237332,0
1,0,3,22,0,0,0,2,-0.8154842003854972,-1.0051126468432632,-0.5031863286842572,1.1332075805064954,1.4846675919450634,1
2,0,6,4,0,2,1,1,0.2207339104558549,0.22644550017650028,-0.14010498155631967,0.5223553669052369,-1.0074645321237332,0
4,1,11,12,0,5,1,1,-0.2973751449648213,-0.21347960606335856,-1.1256114951892935,1.1332075805064954,0.48781474231754474,0
2,1,6,3,0,6,0,1,0.3243557215399902,0.3140822957467097,-0.14010498155631967,-0.8195569256244342,0.986241167131304,1
2,1,5,6,1,1,0,1,0.6352211547923955,0.6657902302867552,0.5341889488241361,-0.20952245260363286,-1.5058909569374925,0
1,0,3,19,0,0,0,3,-1.0227278225537677,-1.2686034096834955,1.9346455734604673,2.4751198730361663,1.4846675919450634,1
1,0,12,11,0,2,1,3,-0.9191060114696326,-0.8292586795732405,0.17110760169619865,-0.6977135791363653,-1.0074645321237332,0
3,1,9,13,0,2,1,1,1.5678174545496126,1.633277238336683,-0.39944880093341767,2.1095898335719596,-1.0074645321237332,0
2,1,6,19,0,6,0,1,0.7388429658765308,0.8416441975567779,-1.3849553145663918,-0.20952245260363286,0.986241167131304,1
1,1,3,0,0,5,1,1,-0.2973751449648213,-0.21347960606335856,0.741664004325815,0.5223553669052369,0.48781474231754474,0
1,1,1,3,0,1,1,1,-1.3335932558061734,-1.3568205813833087,-0.5550550925596769,-0.20952245260363286,-1.5058909569374925,0
1,1,12,5,0,0,0,1,-1.5408368779744437,-1.2686034096834955,-0.6069238564350966,-1.552252485713761,1.4846675919450634,1
3,1,7,2,0,0,0,1,1.1533302102130714,1.2815693037966367,0.5860577126995559,-0.8195569256244342,1.4846675919450634,1
1,1,2,12,0,4,1,1,-0.40099695604895663,-0.30169677776317194,1.001007823702913,-1.552252485713761,-0.010611682496214593,0
4,1,11,11,0,4,1,1,-0.7118623893013623,-0.8292586795732405,-1.7480366616943295,1.6213987070392275,-0.010611682496214593,0
3,0,9,4,0,5,1,1,-0.5046187671330916,-0.3893335733333813,0.43045142107329665,0.7668598004618318,0.48781474231754474,0
2,0,5,22,0,2,1,1,0.11711209937171958,0.13822832847668692,-0.39944880093341767,-0.6977135791363653,-1.0074645321237332,0
2,1,6,0,0,3,1,1,0.11711209937171958,0.13822832847668692,-0.1919737454317394,-0.8195569256244342,-0.5090381073099739,0
1,0,1,3,0,4,1,1,-1.8517023112268494,-2.0602364504634,-0.6587926203105163,1.1332075805064954,-0.010611682496214593,0
1,1,12,10,1,2,0,1,-1.1263496336379029,-0.9168954751434499,0.9491390598274939,-1.552252485713761,-1.0074645321237332,0
3,1,8,17,0,3,1,1,1.2569520212972067,1.1933521320968234,-0.39944880093341767,0.7668598004618318,-0.5090381073099739,0
1,0,12,11,0,5,1,1,-0.9191060114696326,-0.9168954751434499,0.17110760169619865,0.03416424037250481,0.48781474231754474,0
2,1,3,15,0,6,0,2,0.11711209937171958,0.13822832847668692,-0.1919737454317394,0.7668598004618318,0.986241167131304,1
3,0,9,18,0,0,0,2,0.3243557215399902,0.3140822957467097,-0.14010498155631967,-0.6977135791363653,1.4846675919450634,1
3,0,6,20,0,4,1,1,1.2569520212972067,1.0174981648268007,-1.5405616061926506,0.03416424037250481,-0.010611682496214593,0
4,1,11,7,1,4,0,1,-1.4372150668903083,-1.444457376953518,0.6379264765749756,-0.4540268861602275,-0.010611682496214593,0
2,0,3,12,0,4,1,2,-1.0227278225537677,-1.180966614113286,0.3785826571978769,1.1332075805064954,-0.010611682496214593,0
3,0,7,1,0,6,0,1,1.6714392656337473,1.7209140339068922,-0.5550550925596769,-0.6977135791363653,0.986241167131304,1
1,1,2,21,0,1,1,1,-0.9191060114696326,-0.9168954751434499,-0.29571127318257884,-0.20952245260363286,-1.5058909569374925,0
3,0,7,23,0,0,0,1,1.1533302102130714,1.1933521320968234,0.17110760169619865,0.5223553669052369,1.4846675919450634,1
2,1,5,5,0,2,1,2,0.11711209937171958,0.13822832847668692,0.48232018494871637,0.7668598004618318,-1.0074645321237332,0
3,1,9,0,0,5,1,1,0.2207339104558549,0.22644550017650028,0.2748451294470381,-1.552252485713761,0.48781474231754474,0
2,1,5,9,0,2,1,1,1.1533302102130714,1.1933521320968234,0.3785826571978769,0.5223553669052369,-1.0074645321237332,0
1,1,2,1,0,0,0,2,-1.3335932558061734,-1.2686034096834955,1.57156422633253,-0.6977135791363653,1.4846675919450634,1
2,1,6,0,0,3,1,2,0.8424647769606661,0.6657902302867552,1.623432990207949,0.03416424037250481,-0.5090381073099739,0
1,1,12,18,1,2,0,2,-0.9191060114696326,-1.0051126468432632,0.17110760169619865,0.5223553669052369,-1.0074645321237332,0
3,1,6,18,0,5,1,2,1.5678174545496126,1.633277238336683,-0.39944880093341767,0.03416424037250481,0.48781474231754474,0
4,1,10,0,0,2,1,1,-0.19375333388068602,-0.1258428104931492,0.01550131006993949,1.6213987070392275,-1.0074645321237332,0
3,0,7,1,0,3,1,1,1.0497083991289362,1.1057153365266141,1.1047453514537524,-1.552252485713761,-0.5090381073099739,0
3,0,9,11,0,4,1,2,0.7388429658765308,0.5781534347165458,1.3640891708308511,0.03416424037250481,-0.010611682496214593,0
3,1,6,23,0,4,1,1,1.5678174545496126,1.7209140339068922,-0.1919737454317394,-0.8195569256244342,-0.010611682496214593,0
1,1,2,21,1,1,0,1,-1.0227278225537677,-1.0051126468432632,-1.2293490229401327,-0.20952245260363286,-1.5058909569374925,0
3,1,9,12,0,1,1,1,0.7388429658765308,0.8416441975567779,-0.9700052035630343,1.6213987070392275,-1.5058909569374925,0
2,0,5,20,0,1,1,1,0.2207339104558549,0.22644550017650028,-0.710661384185936,0.03416424037250481,-1.5058909569374925,0
2,1,4,5,0,6,0,1,-0.7118623893013623,-0.6534047123032177,0.17110760169619865,-0.6977135791363653,0.986241167131304,1
3,0,9,17,0,2,1,1,0.5315993437082602,0.48993626301673243,1.0528765875783328,-0.6977135791363653,-1.0074645321237332,0
1,0,1,3,0,0,0,1,-2.4734331777316605,-2.4119443850034457,-0.036367453805480225,-0.4540268861602275,1.4846675919450634,1
4,1,11,11,0,2,1,1,-0.9191060114696326,-1.0051126468432632,0.3785826571978769,0.5223553669052369,-1.0074645321237332,0
3,1,8,7,0,2,1,1,0.5315993437082602,0.5781534347165458,0.7935327682012348,-0.6977135791363653,-1.0074645321237332,0
3,1,8,15,0,2,1,1,1.5678174545496126,1.545060066636869,-0.5550550925596769,-1.552252485713761,-1.0074645321237332,0
2,0,4,20,0,6,0,1,-0.8154842003854972,-0.9168954751434499,-0.5031863286842572,0.7668598004618318,0.986241167131304,1
4,1,12,21,0,2,1,1,-0.7118623893013623,-0.7410415078734272,-0.6587926203105163,0.2786686739290992,-1.0074645321237332,0
4,0,12,2,0,5,1,1,-1.3335932558061734,-1.0927494424134727,0.6379264765749756,-1.552252485713761,0.48781474231754474,0
3,0,8,14,0,2,1,1,1.2569520212972067,1.0174981648268007,-1.5405616061926506,-0.20952245260363286,-1.0074645321237332,0
2,0,5,20,1,1,0,1,1.360573832381342,1.3692060993668462,-0.24384250930715912,-1.552252485713761,-1.5058909569374925,0
3,0,8,22,0,3,1,1,0.7388429658765308,0.7540074019865686,0.3267138933224572,-1.552252485713761,-0.5090381073099739,0
4,0,9,20,0,5,1,1,0.2207339104558549,0.22644550017650028,-0.5550550925596769,0.7668598004618318,0.48781474231754474,0
3,1,8,4,0,1,1,1,0.6352211547923955,0.5781534347165458,1.0528765875783328,-1.552252485713761,-1.5058909569374925,0
3,0,7,13,0,5,1,1,2.2931701321385587,2.072621968446938,-1.64429913394349,-1.552252485713761,0.48781474231754474,0
4,0,12,2,0,3,1,1,-1.229971444722038,-1.0051126468432632,0.6379264765749756,-1.552252485713761,-0.5090381073099739,0
2,1,3,17,0,3,1,1,0.5315993437082602,0.7540074019865686,-0.14010498155631967,0.2786686739290992,-0.5090381073099739,0
3,0,8,3,0,3,1,1,0.7388429658765308,0.6657902302867552,0.7935327682012348,-1.552252485713761,-0.5090381073099739,0
4,0,10,16,0,0,0,1,-0.40099695604895663,-0.30169677776317194,-1.5924303700680704,-0.4540268861602275,1.4846675919450634,1
2,1,6,12,0,4,1,1,1.0497083991289362,0.9298613692565912,-1.0737427313138737,-1.552252485713761,-0.010611682496214593,0
4,0,11,9,0,5,1,1,-0.9191060114696326,-0.7410415078734272,0.6897952404503953,-1.552252485713761,0.48781474231754474,0
2,1,6,18,0,1,1,2,0.6352211547923955,0.7540074019865686,0.3267138933224572,-0.20952245260363286,-1.5058909569374925,0
4,0,10,2,0,6,0,1,-0.19375333388068602,-0.1258428104931492,1.001007823702913,-1.552252485713761,0.986241167131304,1
4,0,10,1,0,5,1,1,-0.5046187671330916,-0.3893335733333813,-0.036367453805480225,0.2786686739290992,0.48781474231754474,0
2,0,4,18,0,0,0,1,0.013490288287584293,0.050011156776873573,0.741664004325815,0.03416424037250481,1.4846675919450634,1
3,1,9,14,0,6,0,1,1.6714392656337473,1.7209140339068922,-0.5550550925596769,2.1095898335719596,0.986241167131304,1
1,0,12,8,0,0,0,1,-1.5408368779744437,-1.5326745486533315,0.8972702959520742,-0.20952245260363286,1.4846675919450634,1
4,0,12,7,0,4,1,1,-1.4372150668903083,-1.5326745486533315,-0.14010498155631967,0.2786686739290992,-0.010611682496214593,0
3,0,8,7,0,1,1,1,1.2569520212972067,1.1933521320968234,-0.036367453805480225,-1.552252485713761,-1.5058909569374925,0
1,0,12,14,0,4,1,2,-1.0227278225537677,-0.8292586795732405,-0.5550550925596769,-1.552252485713761,-0.010611682496214593,0
3,1,7,5,0,6,0,2,0.7388429658765308,0.7540074019865686,0.5341889488241361,-0.6977135791363653,0.986241167131304,1
1,0,12,10,0,3,1,2,-0.090131522796551,-0.03762563879333582,1.001007823702913,1.8650854000153652,-0.5090381073099739,0
2,1,5,2,0,0,0,1,0.7388429658765308,0.7540074019865686,0.5341889488241361,0.2786686739290992,1.4846675919450634,1
3,1,8,12,0,5,1,2,1.360573832381342,1.1933521320968234,-0.9181364396876146,-0.8195569256244342,0.48781474231754474,0
3,0,6,4,0,6,0,1,0.7388429658765308,0.8416441975567779,-0.29571127318257884,0.03416424037250481,0.986241167131304,1
4,0,11,22,0,1,1,2,0.11711209937171958,0.13822832847668692,1.0528765875783328,-0.6977135791363653,-1.5058909569374925,0
3,1,7,6,0,5,1,2,0.8424647769606661,0.6657902302867552,1.3640891708308511,-0.20952245260363286,0.48781474231754474,0
2,1,4,13,0,6,0,2,-0.5046187671330916,-0.3893335733333813,-1.3330865506909721,-1.552252485713761,0.986241167131304,1
2,1,6,16,0,2,1,1,0.5315993437082602,0.8416441975567779,-1.021873967438454,0.03416424037250481,-1.0074645321237332,0
1,1,3,19,0,5,1,2,-0.19375333388068602,-0.1258428104931492,1.3122204069554313,-1.552252485713761,0.48781474231754474,0
4,0,11,2,0,0,0,1,-0.8154842003854972,-0.6534047123032177,0.9491390598274939,-1.552252485713761,1.4846675919450634,1
2,1,4,20,0,5,1,1,0.013490288287584293,0.050011156776873573,-1.7480366616943295,-0.4540268861602275,0.48781474231754474,0
3,0,9,13,0,6,0,1,1.2569520212972067,1.1933521320968234,-0.39944880093341767,0.7668598004618318,0.986241167131304,1
4,0,9,21,0,5,1,1,0.5315993437082602,0.13822832847668692,1.9346455734604673,-0.20952245260363286,0.48781474231754474,0
4,0,11,17,0,1,1,1,0.013490288287584293,0.050011156776873573,-0.9181364396876146,-0.20952245260363286,-1.5058909569374925,0
2,1,4,14,0,0,0,1,0.2207339104558549,0.22644550017650028,-1.488692842317231,-1.552252485713761,1.4846675919450634,1
1,1,2,5,0,0,0,1,-1.4372150668903083,-1.5326745486533315,-0.9700052035630343,0.2786686739290992,1.4846675919450634,1
2,0,4,5,0,4,1,1,-0.8154842003854972,-0.9168954751434499,0.6897952404503953,0.2786686739290992,-0.010611682496214593,0
2,0,4,16,0,4,1,1,0.6352211547923955,0.6657902302867552,0.7935327682012348,0.5223553669052369,-0.010611682496214593,0
3,1,9,13,0,6,0,1,1.2569520212972067,1.1057153365266141,-0.6069238564350966,1.376894273482633,0.986241167131304,1
1,0,2,17,0,6,0,1,-0.40099695604895663,-0.30169677776317194,-2.266724300448526,3.451502126101631,0.986241167131304,1
3,1,9,11,0,3,1,2,1.4641956434654773,1.545060066636869,-0.036367453805480225,-0.20952245260363286,-0.5090381073099739,0
1,0,3,16,0,0,0,1,-0.40099695604895663,-0.30169677776317194,-1.5924303700680704,-1.552252485713761,1.4846675919450634,1
4,0,10,1,0,6,0,1,-0.19375333388068602,-0.1258428104931492,-0.39944880093341767,0.5223553669052369,0.986241167131304,1
4,0,11,3,0,1,1,3,-0.2973751449648213,-0.21347960606335856,1.9346455734604673,-0.4540268861602275,-1.5058909569374925,0
3,0,8,1,0,3,1,1,1.1533302102130714,1.1057153365266141,-0.4513175648088374,0.03416424037250481,-0.5090381073099739,0
2,1,6,14,0,5,1,1,1.360573832381342,1.1057153365266141,-1.64429913394349,1.6213987070392275,0.48781474231754474,0
1,1,3,17,0,5,1,3,-0.7118623893013623,-0.7410415078734272,0.9491390598274939,0.2786686739290992,0.48781474231754474,0
2,0,3,15,0,3,1,3,-1.1263496336379029,-1.2686034096834955,0.9491390598274939,0.8887031469499004,-0.5090381073099739,0
1,1,1,6,0,1,1,2,-1.4372150668903083,-1.444457376953518,-0.14010498155631967,-0.4540268861602275,-1.5058909569374925,0
2,1,6,21,0,6,0,2,0.7388429658765308,0.8416441975567779,-0.6587926203105163,0.2786686739290992,0.986241167131304,1
3,0,6,19,0,5,1,1,1.2569520212972067,1.0174981648268007,-1.1774802590647129,0.2786686739290992,0.48781474231754474,0
2,1,6,2,0,6,0,1,0.4279775326241249,0.40229946744652306,-0.5031863286842572,-1.552252485713761,0.986241167131304,1
4,1,9,14,0,0,0,1,0.5315993437082602,0.8416441975567779,-1.2812177868155523,0.03416424037250481,1.4846675919450634,1
3,1,9,15,0,3,1,1,1.4641956434654773,1.7209140339068922,0.3785826571978769,0.03416424037250481,-0.5090381073099739,0
2,1,3,19,0,5,1,1,0.8424647769606661,0.8416441975567779,-0.6587926203105163,0.03416424037250481,0.48781474231754474,0
2,0,5,11,0,6,0,1,1.0497083991289362,1.0174981648268007,0.11923883782077893,0.2786686739290992,0.986241167131304,1
3,1,7,18,0,0,0,1,1.9823046988861532,1.7209140339068922,-1.5924303700680704,1.376894273482633,1.4846675919450634,1
3,0,6,19,0,4,1,1,1.2569520212972067,1.0174981648268007,-1.5405616061926506,0.03416424037250481,-0.010611682496214593,0
1,1,1,12,0,5,1,1,-0.7118623893013623,-0.8292586795732405,-0.6587926203105163,0.5223553669052369,0.48781474231754474,0
1,0,1,23,0,5,1,1,-1.3335932558061734,-1.444457376953518,-0.14010498155631967,0.2786686739290992,0.48781474231754474,0
1,1,2,8,0,6,0,1,-1.229971444722038,-1.444457376953518,-0.7625301480613558,0.8887031469499004,0.986241167131304,1
2,1,5,11,0,6,0,1,0.6352211547923955,0.8416441975567779,-1.2812177868155523,-0.8195569256244342,0.986241167131304,1
3,1,8,22,0,1,1,1,1.0497083991289362,1.1057153365266141,1.1047453514537524,0.03416424037250481,-1.5058909569374925,0
4,1,12,23,0,2,1,1,-0.090131522796551,-0.03762563879333582,0.22297636557161837,0.5223553669052369,-1.0074645321237332,0
2,1,4,10,0,2,1,1,0.5315993437082602,0.8416441975567779,-1.2812177868155523,1.8650854000153652,-1.0074645321237332,0
1,1,3,20,0,0,0,1,-1.1263496336379029,-1.180966614113286,-1.2812177868155523,0.5223553669052369,1.4846675919450634,1
3,1,7,11,0,2,1,1,1.360573832381342,1.3692060993668462,-0.24384250930715912,-1.552252485713761,-1.0074645321237332,0
2,0,6,2,0,2,1,1,0.5315993437082602,0.8416441975567779,-0.710661384185936,0.7668598004618318,-1.0074645321237332,0
1,0,1,16,0,6,0,1,-1.644458689058579,-1.9720192787635866,-1.7480366616943295,2.1095898335719596,0.986241167131304,1
2,1,4,14,1,1,0,1,1.360573832381342,1.1933521320968234,-0.9181364396876146,1.1332075805064954,-1.5058909569374925,0
4,1,10,1,0,0,0,1,-0.40099695604895663,-0.30169677776317194,-0.24384250930715912,0.2786686739290992,1.4846675919450634,1
4,1,10,9,0,1,1,2,0.11711209937171958,0.13822832847668692,0.01550131006993949,-1.552252485713761,-1.5058909569374925,0
2,1,4,6,0,2,1,1,-1.0227278225537677,-1.0927494424134727,0.3785826571978769,0.2786686739290992,-1.0074645321237332,0
4,0,11,22,0,6,0,1,-0.40099695604895663,-0.30169677776317194,-0.8143989119367755,0.5223553669052369,0.986241167131304,1
2,1,5,2,0,1,1,1,0.013490288287584293,0.050011156776873573,0.741664004325815,0.03416424037250481,-1.5058909569374925,0
1,1,1,7,0,6,0,3,-1.7480805001427142,-1.796165311493564,1.57156422633253,-0.20952245260363286,0.986241167131304,1
4,0,10,22,0,0,0,1,0.3243557215399902,0.3140822957467097,-0.710661384185936,1.8650854000153652,1.4846675919450634,1
1,0,2,6,0,5,1,2,-0.2973751449648213,-0.21347960606335856,0.48232018494871637,-0.20952245260363286,0.48781474231754474,0
3,0,7,23,0,4,1,1,1.1533302102130714,1.1933521320968234,0.17110760169619865,-1.552252485713761,-0.010611682496214593,0
1,1,1,11,0,3,1,2,-2.162567744479255,-2.0602364504634,-1.0737427313138737,-0.8195569256244342,-0.5090381073099739,0
1,1,3,15,0,6,0,1,0.7388429658765308,0.8416441975567779,-0.5031863286842572,-0.4540268861602275,0.986241167131304,1
4,0,12,9,0,1,1,2,-0.7118623893013623,-0.6534047123032177,1.2603516430800117,-0.8195569256244342,-1.5058909569374925,0
1,0,1,12,0,0,0,2,-0.7118623893013623,-0.8292586795732405,0.17110760169619865,0.8887031469499004,1.4846675919450634,1
1,0,1,18,0,5,1,1,-1.9553241223109845,-2.0602364504634,-1.6961678978189099,0.5223553669052369,0.48781474231754474,0
3,1,7,3,0,0,0,1,1.1533302102130714,1.3692060993668462,1.1047453514537524,-0.4540268861602275,1.4846675919450634,1
3,0,7,8,0,4,1,2,1.360573832381342,1.633277238336683,0.8454015320766545,-0.20952245260363286,-0.010611682496214593,0
4,1,11,23,0,6,0,1,-0.9191060114696326,-0.8292586795732405,-0.29571127318257884,-0.6977135791363653,0.986241167131304,1
1,1,3,0,0,1,1,1,-1.3335932558061734,-1.444457376953518,-0.9700052035630343,0.03416424037250481,-1.5058909569374925,0
4,1,10,7,0,0,0,1,-0.5046187671330916,-0.3893335733333813,-0.036367453805480225,-1.552252485713761,1.4846675919450634,1
1,1,2,10,0,2,1,2,-1.229971444722038,-1.180966614113286,-0.14010498155631967,-0.4540268861602275,-1.0074645321237332,0
2,1,4,18,0,4,1,2,0.2207339104558549,0.22644550017650028,0.741664004325815,0.03416424037250481,-0.010611682496214593,0
4,0,12,12,0,6,0,2,-1.1263496336379029,-1.2686034096834955,-0.9181364396876146,0.7668598004618318,0.986241167131304,1
2,1,6,18,0,5,1,1,1.360573832381342,1.1057153365266141,-1.8517741894451687,0.2786686739290992,0.48781474231754474,0
1,1,3,19,0,6,0,1,0.4279775326241249,0.40229946744652306,0.06737007394535921,0.7668598004618318,0.986241167131304,1
4,1,9,21,0,0,0,2,0.11711209937171958,0.13822832847668692,-0.7625301480613558,-0.6977135791363653,1.4846675919450634,1
2,0,5,5,0,5,1,2,0.013490288287584293,0.050011156776873573,1.3122204069554313,0.03416424037250481,0.48781474231754474,0
4,0,10,1,0,1,1,1,-0.5046187671330916,-0.3893335733333813,1.001007823702913,-0.4540268861602275,-1.5058909569374925,0
1,0,3,16,0,2,1,2,-0.6082405782172269,-0.477550745033195,-0.8662676758121949,1.1332075805064954,-1.0074645321237332,0
1,0,3,19,0,6,0,2,-0.19375333388068602,-0.1258428104931492,0.22297636557161837,1.1332075805064954,0.986241167131304,1
3,1,9,16,0,6,0,3,0.3243557215399902,0.3140822957467097,1.3122204069554313,0.03416424037250481,0.986241167131304,1
2,0,4,18,0,6,0,1,-0.6082405782172269,-0.477550745033195,-0.4513175648088374,0.03416424037250481,0.986241167131304,1
1,0,3,4,0,3,1,1,-1.5408368779744437,-1.5326745486533315,0.6379264765749756,-0.4540268861602275,-0.5090381073099739,0
3,1,7,1,0,4,1,1,1.2569520212972067,1.1057153365266141,-0.6069238564350966,0.7668598004618318,-0.010611682496214593,0
1,1,2,15,0,0,0,1,-1.7480805001427142,-2.0602364504634,-1.1774802590647129,2.9633109995688987,1.4846675919450634,1
4,1,9,22,0,0,0,1,0.11711209937171958,0.13822832847668692,-0.7625301480613558,-1.552252485713761,1.4846675919450634,1
3,0,7,0,0,6,0,1,0.6352211547923955,0.7540074019865686,0.11923883782077893,0.03416424037250481,0.986241167131304,1
1,0,1,22,0,4,1,1,-1.8517023112268494,-2.0602364504634,-0.8662676758121949,1.1332075805064954,-0.010611682496214593,0
1,0,2,21,0,5,1,1,0.4279775326241249,0.40229946744652306,-2.162986772697687,2.4751198730361663,0.48781474231754474,0
2,1,5,11,0,5,1,1,0.3243557215399902,0.3140822957467097,-1.4368240784418116,0.5223553669052369,0.48781474231754474,0
3,1,8,10,0,1,1,2,0.7388429658765308,0.7540074019865686,0.3267138933224572,-0.8195569256244342,-1.5058909569374925,0
1,1,1,1,0,4,1,2,-1.1263496336379029,-0.9168954751434499,0.6379264765749756,-1.552252485713761,-0.010611682496214593,0
2,0,5,6,0,5,1,1,-0.19375333388068602,-0.1258428104931492,1.3122204069554313,-0.6977135791363653,0.48781474231754474,0
4,0,10,6,0,4,1,1,-0.2973751449648213,-0.21347960606335856,1.001007823702913,1.8650854000153652,-0.010611682496214593,0
2,0,4,19,0,6,0,2,0.11711209937171958,0.13822832847668692,1.623432990207949,1.8650854000153652,0.986241167131304,1
1,0,3,12,0,6,0,1,-0.8154842003854972,-0.9168954751434499,-0.5031863286842572,0.7668598004618318,0.986241167131304,1
4,0,10,7,0,0,0,1,-0.8154842003854972,-0.8292586795732405,0.6897952404503953,0.03416424037250481,1.4846675919450634,1
2,1,5,18,0,5,1,1,1.0497083991289362,1.0174981648268007,-0.4513175648088374,2.2314331800600287,0.48781474231754474,0
1,1,12,15,1,2,0,1,-0.7118623893013623,-0.8292586795732405,-0.6587926203105163,0.5223553669052369,-1.0074645321237332,0
2,0,4,11,0,0,0,1,0.8424647769606661,0.8416441975567779,0.11923883782077893,-0.4540268861602275,1.4846675919450634,1
1,0,1,8,0,6,0,1,-1.3335932558061734,-1.0927494424134727,0.6379264765749756,-1.552252485713761,0.986241167131304,1
1,1,1,10,0,6,0,1,-1.229971444722038,-1.180966614113286,0.3785826571978769,-0.4540268861602275,0.986241167131304,1
2,1,6,19,0,6,0,2,1.0497083991289362,0.9298613692565912,-1.0737427313138737,0.03416424037250481,0.986241167131304,1
1,1,2,7,0,2,1,2,-1.3335932558061734,-1.2686034096834955,-0.14010498155631967,-0.8195569256244342,-1.0074645321237332,0
3,1,9,8,0,2,1,2,0.8424647769606661,0.7540074019865686,1.0528765875783328,2.9633109995688987,-1.0074645321237332,0
3,0,6,21,0,6,0,1,0.9460865880448014,0.9298613692565912,-0.6069238564350966,-0.20952245260363286,0.986241167131304,1
3,1,7,4,0,2,1,1,0.9460865880448014,0.9298613692565912,0.8454015320766545,-0.4540268861602275,-1.0074645321237332,0
3,0,6,11,0,2,1,1,1.6714392656337473,1.633277238336683,-0.8662676758121949,-1.552252485713761,-1.0074645321237332,0
1,1,2,3,0,0,0,3,-1.3335932558061734,-1.2686034096834955,1.2603516430800117,-0.8195569256244342,1.4846675919450634,1
2,1,3,8,0,5,1,1,-0.9191060114696326,-0.9168954751434499,0.17110760169619865,-0.20952245260363286,0.48781474231754474,0
3,1,7,9,0,1,1,1,1.360573832381342,1.3692060993668462,-0.036367453805480225,-0.20952245260363286,-1.5058909569374925,0
1,0,2,13,0,1,1,1,0.4279775326241249,0.40229946744652306,-2.266724300448526,1.6213987070392275,-1.5058909569374925,0
3,0,7,8,0,5,1,2,1.7750610767178827,2.1608391401467513,0.01550131006993949,-0.20952245260363286,0.48781474231754474,0
4,1,10,11,0,6,0,1,0.2207339104558549,0.22644550017650028,-0.5550550925596769,0.2786686739290992,0.986241167131304,1
1,1,1,17,0,4,1,2,-0.7118623893013623,-0.7410415078734272,-1.488692842317231,0.03416424037250481,-0.010611682496214593,0
4,1,9,6,0,2,1,1,-0.2973751449648213,-0.21347960606335856,0.741664004325815,0.2786686739290992,-1.0074645321237332,0
4,1,11,6,0,5,1,1,-1.0227278225537677,-1.0051126468432632,0.3785826571978769,-0.20952245260363286,0.48781474231754474,0
3,0,6,19,0,0,0,2,1.1533302102130714,1.1057153365266141,-0.7625301480613558,-0.4540268861602275,1.4846675919450634,1
3,1,8,1,0,4,1,1,0.6352211547923955,0.5781534347165458,1.0528765875783328,-1.552252485713761,-0.010611682496214593,0
3,0,8,2,0,6,0,1,1.0497083991289362,1.1057153365266141,1.1047453514537524,0.03416424037250481,0.986241167131304,1
1,0,2,16,0,4,1,1,-1.4372150668903083,-1.5326745486533315,-1.3330865506909721,0.5223553669052369,-0.010611682496214593,0
1,0,2,15,0,2,1,1,-1.3335932558061734,-1.444457376953518,-0.7625301480613558,0.03416424037250481,-1.0074645321237332,0
3,0,6,14,0,1,1,2,1.1533302102130714,1.1057153365266141,-0.24384250930715912,-0.8195569256244342,-1.5058909569374925,0
3,0,6,22,0,5,1,1,1.0497083991289362,1.0174981648268007,-0.7625301480613558,-1.552252485713761,0.48781474231754474,0
3,1,8,7,0,5,1,1,1.0497083991289362,1.1057153365266141,0.5860577126995559,-0.6977135791363653,0.48781474231754474,0
2,0,6,18,0,1,1,1,1.0497083991289362,1.0174981648268007,-0.08823621768089995,0.5223553669052369,-1.5058909569374925,0
3,0,7,10,0,3,1,1,1.360573832381342,1.4574232710666595,0.3785826571978769,-1.552252485713761,-0.5090381073099739,0
4,1,11,1,0,2,1,2,-0.9191060114696326,-0.8292586795732405,0.3785826571978769,-0.4540268861602275,-1.0074645321237332,0
2,1,4,11,0,5,1,1,0.2207339104558549,0.22644550017650028,0.2748451294470381,-0.20952245260363286,0.48781474231754474,0
3,1,9,15,0,5,1,1,1.0497083991289362,1.0174981648268007,-0.4513175648088374,0.2786686739290992,0.48781474231754474,0
1,1,2,14,0,1,1,1,-0.19375333388068602,-0.1258428104931492,-1.3849553145663918,0.7668598004618318,-1.5058909569374925,0
4,0,10,20,0,6,0,3,-0.7118623893013623,-0.6534047123032177,1.2603516430800117,-0.6977135791363653,0.986241167131304,1
3,0,7,14,0,1,1,2,1.1533302102130714,1.2815693037966367,0.8454015320766545,0.03416424037250481,-1.5058909569374925,0
4,0,11,14,0,6,0,1,0.013490288287584293,0.050011156776873573,-1.3849553145663918,0.8887031469499004,0.986241167131304,1
3,1,7,19,0,5,1,1,1.6714392656337473,1.7209140339068922,-0.5550550925596769,0.03416424037250481,0.48781474231754474,0
4,0,10,9,0,5,1,1,-0.090131522796551,-0.03762563879333582,0.741664004325815,-1.552252485713761,0.48781474231754474,0
3,1,9,9,0,4,1,1,0.3243557215399902,0.3140822957467097,-0.14010498155631967,-0.8195569256244342,-0.010611682496214593,0
1,0,2,19,0,0,0,1,-0.5046187671330916,-0.3893335733333813,-0.4513175648088374,-0.4540268861602275,1.4846675919450634,1
2,1,5,10,0,3,1,1,0.6352211547923955,0.6657902302867552,0.7935327682012348,-0.8195569256244342,-0.5090381073099739,0
1,1,3,18,0,2,1,1,1.0497083991289362,0.9298613692565912,-1.488692842317231,0.8887031469499004,-1.0074645321237332,0
4,0,11,11,0,2,1,3,-0.5046187671330916,-0.3893335733333813,1.623432990207949,-0.4540268861602275,-1.0074645321237332,0
1,1,2,22,1,1,0,1,-1.0227278225537677,-0.9168954751434499,-0.9181364396876146,-0.8195569256244342,-1.5058909569374925,0
1,0,12,14,0,3,1,2,-0.090131522796551,-0.03762563879333582,1.3122204069554313,1.376894273482633,-0.5090381073099739,0
4,1,10,13,0,4,1,2,0.3243557215399902,0.3140822957467097,0.7935327682012348,-1.552252485713761,-0.010611682496214593,0
4,1,10,0,0,6,0,1,0.3243557215399902,0.3140822957467097,1.0528765875783328,-0.20952245260363286,0.986241167131304,1
3,0,7,3,0,0,0,1,1.2569520212972067,1.2815693037966367,0.17110760169619865,-1.552252485713761,1.4846675919450634,1
2,0,5,5,0,3,1,1,-0.19375333388068602,-0.1258428104931492,1.3122204069554313,-0.4540268861602275,-0.5090381073099739,0
2,1,5,21,0,3,1,3,0.013490288287584293,0.050011156776873573,1.001007823702913,-0.20952245260363286,-0.5090381073099739,0
4,1,10,19,0,6,0,1,-0.090131522796551,-0.03762563879333582,-0.39944880093341767,0.2786686739290992,0.986241167131304,1
3,1,9,11,0,6,0,1,1.360573832381342,1.3692060993668462,-0.036367453805480225,2.1095898335719596,0.986241167131304,1
2,1,5,1,0,4,1,2,-0.19375333388068602,-0.1258428104931492,1.3122204069554313,-0.6977135791363653,-0.010611682496214593,0
2,0,5,16,0,5,1,2,0.11711209937171958,0.13822832847668692,1.3122204069554313,-0.4540268861602275,0.48781474231754474,0
2,0,3,1,0,1,1,2,-0.8154842003854972,-1.0051126468432632,0.43045142107329665,1.6213987070392275,-1.5058909569374925,0
2,0,4,20,0,2,1,2,0.013490288287584293,0.050011156776873573,0.48232018494871637,0.2786686739290992,-1.0074645321237332,0
4,1,12,2,0,1,1,1,-0.40099695604895663,-0.30169677776317194,0.741664004325815,-0.20952245260363286,-1.5058909569374925,0
4,1,9,0,0,0,0,1,0.013490288287584293,0.050011156776873573,-0.1919737454317394,-1.552252485713761,1.4846675919450634,1
4,0,10,3,0,6,0,1,-0.2973751449648213,-0.21347960606335856,1.3122204069554313,-1.552252485713761,0.986241167131304,1
1,0,1,10,0,3,1,1,-1.644458689058579,-1.7085285159233545,-0.39944880093341767,0.2786686739290992,-0.5090381073099739,0
3,1,6,18,0,0,0,1,1.6714392656337473,1.4574232710666595,-1.488692842317231,0.5223553669052369,1.4846675919450634,1
2,0,4,10,0,2,1,1,0.8424647769606661,0.8416441975567779,0.3267138933224572,1.376894273482633,-1.0074645321237332,0
3,1,8,16,0,4,1,1,1.6714392656337473,1.633277238336683,-0.8662676758121949,0.03416424037250481,-0.010611682496214593,0
2,0,5,3,0,1,1,1,-0.2973751449648213,-0.21347960606335856,0.741664004325815,-0.4540268861602275,-1.5058909569374925,0
1,0,1,20,0,6,0,2,-0.9191060114696326,-1.0051126468432632,-1.2293490229401327,0.5223553669052369,0.986241167131304,1
2,1,5,4,0,3,1,1,0.2207339104558549,0.22644550017650028,1.623432990207949,-0.4540268861602275,-0.5090381073099739,0
4,0,12,3,0,5,1,1,-1.4372150668903083,-1.180966614113286,0.8972702959520742,-1.552252485713761,0.48781474231754474,0
4,1,10,18,0,0,0,1,0.4279775326241249,0.40229946744652306,-0.14010498155631967,0.5223553669052369,1.4846675919450634,1
1,1,1,6,0,0,0,2,-1.0227278225537677,-0.8292586795732405,-0.5550550925596769,-1.552252485713761,1.4846675919450634,1
2,0,4,23,0,3,1,1,0.5315993437082602,0.8416441975567779,-1.1774802590647129,1.1332075805064954,-0.5090381073099739,0
2,1,4,7,0,5,1,1,-0.6082405782172269,-0.477550745033195,-0.6587926203105163,0.7668598004618318,0.48781474231754474,0
4,1,11,13,0,5,1,1,-0.5046187671330916,-0.3893335733333813,-1.021873967438454,1.376894273482633,0.48781474231754474,0
2,0,4,17,0,5,1,1,-0.8154842003854972,-1.0051126468432632,-0.8662676758121949,1.1332075805064954,0.48781474231754474,0
3,1,7,21,0,2,1,2,1.0497083991289362,1.0174981648268007,0.3785826571978769,0.7668598004618318,-1.0074645321237332,0
1,1,1,18,0,0,0,1,-0.8154842003854972,-1.0051126468432632,-2.0592492449468476,1.376894273482633,1.4846675919450634,1
1,0,3,9,0,3,1,1,-1.1263496336379029,-1.2686034096834955,-0.34758003705799795,0.8887031469499004,-0.5090381073099739,0
3,0,8,21,0,1,1,1,0.8424647769606661,0.8416441975567779,0.11923883782077893,0.03416424037250481,-1.5058909569374925,0
2,0,6,12,0,6,0,1,1.2569520212972067,1.2815693037966367,0.17110760169619865,-0.8195569256244342,0.986241167131304,1
4,0,12,4,0,2,1,3,-0.19375333388068602,-0.1258428104931492,1.3122204069554313,0.2786686739290992,-1.0074645321237332,0
4,0,11,22,0,2,1,2,0.013490288287584293,0.050011156776873573,1.623432990207949,0.03416424037250481,-1.0074645321237332,0
3,0,6,0,0,4,1,1,1.1533302102130714,1.2815693037966367,0.8454015320766545,0.2786686739290992,-0.010611682496214593,0
4,1,11,10,0,2,1,3,-0.9191060114696326,-0.9168954751434499,0.9491390598274939,0.03416424037250481,-1.0074645321237332,0
2,0,4,13,0,6,0,3,-0.19375333388068602,-0.1258428104931492,1.623432990207949,2.7196243065927606,0.986241167131304,1
3,1,8,2,0,0,0,1,0.7388429658765308,0.7540074019865686,0.3267138933224572,-0.4540268861602275,1.4846675919450634,1
4,0,11,15,1,4,0,1,0.013490288287584293,0.050011156776873573,-1.64429913394349,0.5223553669052369,-0.010611682496214593,0
4,0,10,12,0,4,1,1,-0.090131522796551,-0.03762563879333582,-0.7625301480613558,2.7196243065927606,-0.010611682496214593,0
3,0,7,20,0,0,0,1,1.360573832381342,1.2815693037966367,-0.39944880093341767,0.03416424037250481,1.4846675919450634,1
1,1,3,9,0,2,1,2,0.2207339104558549,0.22644550017650028,1.3122204069554313,-0.20952245260363286,-1.0074645321237332,0
2,1,5,22,0,1,1,2,0.6352211547923955,0.6657902302867552,0.5341889488241361,-0.20952245260363286,-1.5058909569374925,0
4,0,12,20,0,0,0,1,-1.3335932558061734,-1.2686034096834955,-0.14010498155631967,-0.6977135791363653,1.4846675919450634,1
1,1,2,5,0,3,1,1,-0.9191060114696326,-0.8292586795732405,0.3785826571978769,-0.6977135791363653,-0.5090381073099739,0
3,0,6,9,0,0,0,1,0.8424647769606661,0.8416441975567779,-0.4513175648088374,-0.8195569256244342,1.4846675919450634,1
3,0,6,3,0,4,1,2,1.1533302102130714,1.2815693037966367,0.5860577126995559,-0.20952245260363286,-0.010611682496214593,0
2,0,3,16,0,0,0,1,-0.8154842003854972,-0.8292586795732405,-1.488692842317231,-1.552252485713761,1.4846675919450634,1
2,0,5,5,0,0,0,1,-0.5046187671330916,-0.3893335733333813,1.001007823702913,-0.8195569256244342,1.4846675919450634,1
1,1,1,22,0,4,1,1,-0.6082405782172269,-0.477550745033195,0.6897952404503953,0.8887031469499004,-0.010611682496214593,0
3,1,8,18,0,2,1,1,1.360573832381342,1.3692060993668462,-0.036367453805480225,0.7668598004618318,-1.0074645321237332,0
2,1,4,8,0,4,1,3,-0.19375333388068602,-0.1258428104931492,1.001007823702913,0.03416424037250481,-0.010611682496214593,0
2,0,3,5,0,1,1,1,-1.644458689058579,-1.7085285159233545,-1.021873967438454,0.03416424037250481,-1.5058909569374925,0
3,1,9,13,0,4,1,2,1.1533302102130714,1.2815693037966367,0.8454015320766545,-0.6977135791363653,-0.010611682496214593,0
1,1,12,0,0,5,1,2,-1.3335932558061734,-1.3568205813833087,-0.14010498155631967,-0.20952245260363286,0.48781474231754474,0
1,1,1,21,1,1,0,1,-1.1263496336379029,-1.2686034096834955,-0.5550550925596769,1.1332075805064954,-1.5058909569374925,0
3,1,8,3,0,5,1,2,1.1533302102130714,1.2815693037966367,0.8454015320766545,0.03416424037250481,0.48781474231754474,0
1,0,3,7,0,6,0,1,-0.5046187671330916,-0.3893335733333813,-0.6587926203105163,1.1332075805064954,0.986241167131304,1
3,0,7,5,0,6,0,2,0.6352211547923955,0.48993626301673243,1.3122204069554313,-0.20952245260363286,0.986241167131304,1
4,0,12,6,0,6,0,2,-1.229971444722038,-1.3568205813833087,-0.34758003705799795,0.7668598004618318,0.986241167131304,1
2,0,4,3,0,2,1,1,-0.090131522796551,-0.03762563879333582,0.01550131006993949,0.2786686739290992,-1.0074645321237332,0
1,0,3,9,0,1,1,1,-1.4372150668903083,-1.7085285159233545,0.06737007394535921,2.2314331800600287,-1.5058909569374925,0
3,1,6,12,0,3,1,1,1.360573832381342,1.1057153365266141,-1.7480366616943295,0.8887031469499004,-0.5090381073099739,0
3,0,7,0,0,5,1,1,1.6714392656337473,2.072621968446938,0.01550131006993949,-0.4540268861602275,0.48781474231754474,0
2,1,5,21,0,5,1,1,0.7388429658765308,0.7540074019865686,0.3267138933224572,0.03416424037250481,0.48781474231754474,0
2,0,5,15,0,4,1,1,0.3243557215399902,0.3140822957467097,0.7935327682012348,-0.20952245260363286,-0.010611682496214593,0
3,1,8,10,0,3,1,1,1.0497083991289362,1.0174981648268007,-0.08823621768089995,-0.8195569256244342,-0.5090381073099739,0
4,1,12,17,0,5,1,2,-0.6082405782172269,-0.477550745033195,0.17110760169619865,-1.552252485713761,0.48781474231754474,0
2,1,5,1,0,6,0,1,0.5315993437082602,0.48993626301673243,1.0528765875783328,-1.552252485713761,0.986241167131304,1
1,0,1,18,0,1,1,1,-1.8517023112268494,-1.9720192787635866,-0.1919737454317394,0.03416424037250481,-1.5058909569374925,0
4,0,9,10,0,1,1,2,0.7388429658765308,0.5781534347165458,1.3640891708308511,0.03416424037250481,-1.5058909569374925,0
3,1,8,18,0,4,1,1,1.5678174545496126,1.7209140339068922,-0.1919737454317394,0.2786686739290992,-0.010611682496214593,0
1,0,2,9,0,4,1,1,-0.7118623893013623,-0.7410415078734272,-0.29571127318257884,0.03416424037250481,-0.010611682496214593,0
2,1,4,5,0,5,1,1,-0.9191060114696326,-1.0051126468432632,-0.5031863286842572,1.1332075805064954,0.48781474231754474,0
4,1,11,6,0,5,1,1,-1.3335932558061734,-1.0927494424134727,0.9491390598274939,-1.552252485713761,0.48781474231754474,0
3,0,7,17,0,5,1,1,1.9823046988861532,2.1608391401467513,-0.8143989119367755,-0.6977135791363653,0.48781474231754474,0
1,0,3,13,0,1,1,1,-0.6082405782172269,-0.477550745033195,-1.3849553145663918,1.1332075805064954,-1.5058909569374925,0
2,1,4,4,0,1,1,1,-0.6082405782172269,-0.477550745033195,-0.036367453805480225,0.5223553669052369,-1.5058909569374925,0
1,1,3,6,0,6,0,2,-0.40099695604895663,-0.30169677776317194,1.623432990207949,0.03416424037250481,0.986241167131304,1
1,1,2,12,0,5,1,2,-1.0227278225537677,-1.0051126468432632,-1.0737427313138737,-0.4540268861602275,0.48781474231754474,0
2,0,4,20,0,2,1,1,-0.8154842003854972,-0.9168954751434499,-0.8662676758121949,0.7668598004618318,-1.0074645321237332,0
2,0,4,9,0,3,1,2,0.5315993437082602,0.40229946744652306,1.3122204069554313,1.8650854000153652,-0.5090381073099739,0
3,0,9,16,0,0,0,1,1.5678174545496126,1.7209140339068922,-0.1919737454317394,0.2786686739290992,1.4846675919450634,1
4,1,11,7,0,2,1,3,-0.9191060114696326,-1.0051126468432632,1.2603516430800117,0.5223553669052369,-1.0074645321237332,0
4,0,9,5,0,5,1,2,0.6352211547923955,0.40229946744652306,1.623432990207949,-1.552252485713761,0.48781474231754474,0
2,0,3,0,0,1,1,3,-0.8154842003854972,-1.0051126468432632,0.17110760169619865,1.6213987070392275,-1.5058909569374925,0
2,1,5,5,0,4,1,2,-0.19375333388068602,-0.1258428104931492,1.3122204069554313,0.5223553669052369,-0.010611682496214593,0
2,0,4,11,0,0,0,1,-0.40099695604895663,-0.30169677776317194,-1.1256114951892935,0.5223553669052369,1.4846675919450634,1
1,0,2,19,0,1,1,1,-0.6082405782172269,-0.477550745033195,-1.021873967438454,2.4751198730361663,-1.5058909569374925,0
4,1,11,3,0,5,1,1,-1.0227278225537677,-1.0051126468432632,0.3785826571978769,-0.20952245260363286,0.48781474231754474,0
3,0,8,16,0,5,1,1,1.6714392656337473,1.3692060993668462,-1.7999054255697489,-1.552252485713761,0.48781474231754474,0
1,0,12,1,0,2,1,1,-1.229971444722038,-1.180966614113286,0.3785826571978769,-0.4540268861602275,-1.0074645321237332,0
3,0,8,10,0,3,1,1,1.0497083991289362,1.0174981648268007,-0.24384250930715912,0.7668598004618318,-0.5090381073099739,0
1,1,12,14,0,5,1,2,-0.9191060114696326,-1.0927494424134727,-1.2293490229401327,2.1095898335719596,0.48781474231754474,0
2,0,6,3,0,6,0,1,0.5315993437082602,0.40229946744652306,1.3122204069554313,-0.8195569256244342,0.986241167131304,1
3,1,9,22,0,4,1,1,0.5315993437082602,0.6657902302867552,0.3267138933224572,-0.4540268861602275,-0.010611682496214593,0
3,1,8,22,0,1,1,1,1.2569520212972067,1.2815693037966367,0.3785826571978769,-0.8195569256244342,-1.5058909569374925,0
2,0,4,7,0,5,1,3,-1.3335932558061734,-1.3568205813833087,1.57156422633253,-1.552252485713761,0.48781474231754474,0
3,0,6,8,0,2,1,1,1.0497083991289362,1.1057153365266141,0.8454015320766545,-0.20952245260363286,-1.0074645321237332,0
1,1,3,2,0,6,0,1,-1.229971444722038,-1.3568205813833087,-1.1256114951892935,0.5223553669052369,0.986241167131304,1
1,1,3,5,0,4,1,1,-0.19375333388068602,-0.1258428104931492,0.22297636557161837,-1.552252485713761,-0.010611682496214593,0
1,0,1,19,0,5,1,1,-1.9553241223109845,-2.1478732460336096,-1.6961678978189099,1.1332075805064954,0.48781474231754474,0
2,0,3,23,0,2,1,2,-0.5046187671330916,-0.3893335733333813,-0.24384250930715912,0.5223553669052369,-1.0074645321237332,0
1,0,2,15,0,4,1,1,-1.5408368779744437,-1.6203113442235408,-1.9555117171960081,0.5223553669052369,-0.010611682496214593,0
4,0,12,13,0,2,1,3,-0.19375333388068602,-0.1258428104931492,1.9346455734604673,0.03416424037250481,-1.0074645321237332,0
1,1,2,22,0,0,0,1,-1.8517023112268494,-1.8843824831933773,-1.021873967438454,-0.20952245260363286,1.4846675919450634,1
2,0,5,18,0,5,1,1,0.5315993437082602,0.8416441975567779,-0.34758003705799795,-0.20952245260363286,0.48781474231754474,0
4,1,11,16,0,0,0,2,-0.5046187671330916,-0.3893335733333813,-0.036367453805480225,1.1332075805064954,1.4846675919450634,1
3,1,8,5,0,6,0,1,0.5315993437082602,0.5781534347165458,0.7935327682012348,0.5223553669052369,0.986241167131304,1
2,0,5,12,0,4,1,1,0.11711209937171958,0.13822832847668692,-1.488692842317231,1.376894273482633,-0.010611682496214593,0
4,1,12,5,0,4,1,2,-1.0227278225537677,-0.9168954751434499,0.3785826571978769,-0.6977135791363653,-0.010611682496214593,0
2,1,3,19,0,5,1,1,-0.5046187671330916,-0.3893335733333813,-0.036367453805480225,0.2786686739290992,0.48781474231754474,0
2,1,4,8,0,0,0,1,-0.6082405782172269,-0.477550745033195,0.6897952404503953,-0.4540268861602275,1.4846675919450634,1
1,1,1,6,0,0,0,2,-1.8517023112268494,-2.0602364504634,-0.6587926203105163,0.7668598004618318,1.4846675919450634,1
1,1,3,15,0,3,1,1,0.2207339104558549,0.22644550017650028,-1.3330865506909721,2.1095898335719596,-0.5090381073099739,0
2,1,6,21,0,2,1,1,0.2207339104558549,0.22644550017650028,-0.34758003705799795,-0.20952245260363286,-1.0074645321237332,0
3,1,7,9,0,0,0,2,1.1533302102130714,1.2815693037966367,0.8454015320766545,-1.552252485713761,1.4846675919450634,1
4,1,10,22,0,4,1,2,0.2207339104558549,0.22644550017650028,1.0528765875783328,0.03416424037250481,-0.010611682496214593,0
3,0,7,9,0,1,1,1,1.2569520212972067,1.2815693037966367,0.22297636557161837,0.2786686739290992,-1.5058909569374925,0
2,0,6,7,0,6,0,1,0.3243557215399902,0.3140822957467097,-0.34758003705799795,-1.552252485713761,0.986241167131304,1
4,0,11,7,0,2,1,3,-0.6082405782172269,-0.477550745033195,1.623432990207949,0.2786686739290992,-1.0074645321237332,0
3,1,9,15,0,1,1,2,0.7388429658765308,0.7540074019865686,0.11923883782077893,0.5223553669052369,-1.5058909569374925,0
3,0,9,13,0,3,1,2,0.8424647769606661,0.8416441975567779,0.5860577126995559,-0.20952245260363286,-0.5090381073099739,0
4,0,11,17,0,4,1,1,-0.090131522796551,-0.03762563879333582,-0.39944880093341767,-0.8195569256244342,-0.010611682496214593,0
3,1,9,19,0,0,0,1,0.8424647769606661,0.8416441975567779,-1.3849553145663918,0.5223553669052369,1.4846675919450634,1
1,0,3,22,0,3,1,1,-1.0227278225537677,-1.2686034096834955,-1.9036429533205883,2.9633109995688987,-0.5090381073099739,0
2,0,6,16,0,5,1,1,1.1533302102130714,0.9298613692565912,-1.9036429533205883,1.1332075805064954,0.48781474231754474,0
2,0,5,3,0,5,1,1,-0.7118623893013623,-0.6534047123032177,0.43045142107329665,-0.6977135791363653,0.48781474231754474,0
1,0,3,13,0,5,1,1,0.7388429658765308,0.8416441975567779,-1.1256114951892935,0.7668598004618318,0.48781474231754474,0
2,1,4,23,0,1,1,1,-0.9191060114696326,-0.9168954751434499,0.6897952404503953,-0.20952245260363286,-1.5058909569374925,0
1,1,1,16,0,2,1,1,0.2207339104558549,0.22644550017650028,-1.9036429533205883,2.1095898335719596,-1.0074645321237332,0
1,0,2,15,0,3,1,1,-0.8154842003854972,-0.7410415078734272,-1.9555117171960081,-0.8195569256244342,-0.5090381073099739,0
1,0,2,12,0,6,0,1,-0.2973751449648213,-0.21347960606335856,-2.318593064323946,2.4751198730361663,0.986241167131304,1
2,0,5,9,0,2,1,2,0.11711209937171958,0.13822832847668692,-0.7625301480613558,-0.6977135791363653,-1.0074645321237332,0
1,0,1,16,0,2,1,1,-1.0227278225537677,-1.0927494424134727,-0.710661384185936,0.5223553669052369,-1.0074645321237332,0
1,0,2,5,0,4,1,1,-1.5408368779744437,-1.5326745486533315,0.3267138933224572,-0.4540268861602275,-0.010611682496214593,0
1,1,2,19,0,6,0,2,-1.5408368779744437,-1.8843824831933773,-1.1774802590647129,2.9633109995688987,0.986241167131304,1
2,1,5,23,0,2,1,1,0.5315993437082602,0.5781534347165458,0.7935327682012348,-1.552252485713761,-1.0074645321237332,0
4,0,10,18,1,1,0,2,0.7388429658765308,0.8416441975567779,-0.5031863286842572,-1.552252485713761,-1.5058909569374925,0
4,0,10,8,0,1,1,2,-0.7118623893013623,-0.6534047123032177,0.43045142107329665,-0.6977135791363653,-1.5058909569374925,0
3,1,9,10,0,6,0,1,1.2569520212972067,1.2815693037966367,0.3785826571978769,1.6213987070392275,0.986241167131304,1
1,0,12,19,0,3,1,1,-1.3335932558061734,-1.444457376953518,-1.1256114951892935,0.5223553669052369,-0.5090381073099739,0
2,0,4,10,0,5,1,1,0.3243557215399902,0.3140822957467097,-1.1774802590647129,0.7668598004618318,0.48781474231754474,0
2,0,5,8,0,0,0,1,0.5315993437082602,0.6657902302867552,0.5341889488241361,-0.8195569256244342,1.4846675919450634,1
1,0,3,8,0,6,0,1,-1.229971444722038,-1.2686034096834955,0.11923883782077893,-0.20952245260363286,0.986241167131304,1
1,1,1,11,0,0,0,3,-1.7480805001427142,-1.8843824831933773,0.8972702959520742,0.5223553669052369,1.4846675919450634,1
2,1,5,13,0,4,1,1,1.2569520212972067,1.0174981648268007,-1.4368240784418116,-0.4540268861602275,-0.010611682496214593,0
2,0,6,4,0,4,1,2,0.3243557215399902,0.3140822957467097,0.2748451294470381,-0.6977135791363653,-0.010611682496214593,0
1,0,1,15,0,6,0,1,-1.5408368779744437,-1.796165311493564,-1.5924303700680704,2.1095898335719596,0.986241167131304,1
3,1,7,19,0,3,1,2,1.360573832381342,1.3692060993668462,-0.036367453805480225,-0.6977135791363653,-0.5090381073099739,0
2,0,4,4,0,3,1,3,-0.5046187671330916,-0.3893335733333813,1.623432990207949,1.1332075805064954,-0.5090381073099739,0
2,1,5,4,0,1,1,3,0.3243557215399902,0.3140822957467097,1.3122204069554313,0.8887031469499004,-1.5058909569374925,0
2,0,4,20,0,4,1,1,-0.2973751449648213,-0.21347960606335856,-0.036367453805480225,-0.20952245260363286,-0.010611682496214593,0
3,1,8,14,0,3,1,2,1.360573832381342,1.2815693037966367,-0.5550550925596769,0.8887031469499004,-0.5090381073099739,0
1,1,3,8,0,2,1,1,-1.7480805001427142,-1.7085285159233545,-0.1919737454317394,-0.6977135791363653,-1.0074645321237332,0
4,1,11,10,0,0,0,1,-0.8154842003854972,-0.8292586795732405,-0.710661384185936,0.03416424037250481,1.4846675919450634,1
3,0,9,3,0,2,1,1,0.4279775326241249,0.40229946744652306,1.0528765875783328,-1.552252485713761,-1.0074645321237332,0
2,0,4,12,1,5,0,1,0.11711209937171958,0.13822832847668692,-0.39944880093341767,0.7668598004618318,0.48781474231754474,0
1,0,3,21,0,5,1,2,-1.0227278225537677,-1.0927494424134727,0.3785826571978769,0.2786686739290992,0.48781474231754474,0
1,0,3,9,0,2,1,1,-1.229971444722038,-1.2686034096834955,-1.1256114951892935,-0.20952245260363286,-1.0074645321237332,0
4,0,11,22,0,2,1,1,-0.7118623893013623,-0.565187540603404,1.2603516430800117,-1.552252485713761,-1.0074645321237332,0
3,1,9,3,0,5,1,1,0.013490288287584293,0.050011156776873573,0.741664004325815,-0.8195569256244342,0.48781474231754474,0
3,0,7,19,0,2,1,1,1.7750610767178827,1.633277238336683,-0.9700052035630343,0.7668598004618318,-1.0074645321237332,0
3,0,8,2,0,2,1,1,0.9460865880448014,0.9298613692565912,0.3267138933224572,-1.552252485713761,-1.0074645321237332,0
2,1,3,14,0,5,1,2,1.1533302102130714,1.0174981648268007,-1.0737427313138737,-0.6977135791363653,0.48781474231754474,0
4,1,10,18,0,2,1,1,0.6352211547923955,0.8416441975567779,-0.5031863286842572,-0.8195569256244342,-1.0074645321237332,0
2,0,4,14,0,5,1,3,-0.8154842003854972,-0.9168954751434499,1.2603516430800117,0.5223553669052369,0.48781474231754474,0
3,1,6,16,0,4,1,1,1.9823046988861532,1.545060066636869,-2.0592492449468476,0.03416424037250481,-0.010611682496214593,0
3,1,7,6,0,4,1,1,0.7388429658765308,0.7540074019865686,0.5341889488241361,-0.8195569256244342,-0.010611682496214593,0
3,1,8,4,0,6,0,1,0.6352211547923955,0.5781534347165458,1.0528765875783328,-0.6977135791363653,0.986241167131304,1
4,1,11,18,0,3,1,1,-0.9191060114696326,-0.9168954751434499,-0.5031863286842572,-0.20952245260363286,-0.5090381073099739,0
2,0,4,2,1,5,0,1,-0.5046187671330916,-0.3893335733333813,0.6897952404503953,-1.552252485713761,0.48781474231754474,0
2,1,5,16,0,2,1,1,0.9460865880448014,0.9298613692565912,-0.08823621768089995,-0.6977135791363653,-1.0074645321237332,0
2,0,4,22,0,6,0,2,0.4279775326241249,0.40229946744652306,0.7935327682012348,0.5223553669052369,0.986241167131304,1
4,0,12,11,0,6,0,1,-0.9191060114696326,-1.0927494424134727,-0.5031863286842572,1.8650854000153652,0.986241167131304,1
1,0,2,6,0,0,0,1,-1.3335932558061734,-1.0927494424134727,1.2603516430800117,-1.552252485713761,1.4846675919450634,1
2,1,4,14,0,4,1,2,0.2207339104558549,0.22644550017650028,0.741664004325815,0.03416424037250481,-0.010611682496214593,0
1,0,1,6,0,2,1,1,-1.7480805001427142,-1.7085285159233545,0.5860577126995559,-0.6977135791363653,-1.0074645321237332,0
1,1,1,19,0,3,1,1,-1.4372150668903083,-1.6203113442235408,-1.3330865506909721,1.6213987070392275,-0.5090381073099739,0
2,1,4,22,0,1,1,1,-0.40099695604895663,-0.30169677776317194,-0.9700052035630343,0.03416424037250481,-1.5058909569374925,0
4,1,12,14,0,4,1,1,-1.0227278225537677,-0.9168954751434499,-1.0737427313138737,-0.8195569256244342,-0.010611682496214593,0
4,1,12,1,0,6,0,1,-1.229971444722038,-1.0051126468432632,0.9491390598274939,-1.552252485713761,0.986241167131304,1
3,0,8,19,0,1,1,1,1.6714392656337473,1.545060066636869,-1.021873967438454,-0.6977135791363653,-1.5058909569374925,0
2,1,5,18,0,3,1,1,0.3243557215399902,0.3140822957467097,0.5341889488241361,0.2786686739290992,-0.5090381073099739,0
2,1,6,18,0,2,1,1,0.9460865880448014,0.9298613692565912,1.0528765875783328,0.03416424037250481,-1.0074645321237332,0
2,0,5,17,0,1,1,1,0.6352211547923955,0.8416441975567779,-1.2812177868155523,0.5223553669052369,-1.5058909569374925,0
1,0,1,3,0,4,1,1,-1.229971444722038,-1.2686034096834955,-0.34758003705799795,-0.20952245260363286,-0.010611682496214593,0
4,0,10,21,0,5,1,1,0.013490288287584293,0.050011156776873573,0.2748451294470381,-1.552252485713761,0.48781474231754474,0
2,1,4,6,0,6,0,1,-0.9191060114696326,-0.9168954751434499,-1.3849553145663918,0.03416424037250481,0.986241167131304,1
3,0,9,12,0,0,0,1,1.360573832381342,1.4574232710666595,0.17110760169619865,-0.20952245260363286,1.4846675919450634,1
4,0,10,14,0,6,0,1,0.6352211547923955,0.8416441975567779,-0.6587926203105163,-0.8195569256244342,0.986241167131304,1
3,1,8,15,0,1,1,1,1.6714392656337473,1.4574232710666595,-1.488692842317231,0.2786686739290992,-1.5058909569374925,0
3,1,9,14,0,5,1,1,1.5678174545496126,1.7209140339068922,-0.1919737454317394,0.5223553669052369,0.48781474231754474,0
4,1,10,9,0,1,1,3,0.5315993437082602,0.6657902302867552,0.3267138933224572,1.6213987070392275,-1.5058909569374925,0
2,0,4,7,0,3,1,2,0.4279775326241249,0.40229946744652306,1.3122204069554313,0.7668598004618318,-0.5090381073099739,0
1,0,2,20,0,1,1,3,-0.2973751449648213,-0.21347960606335856,1.3122204069554313,3.451502126101631,-1.5058909569374925,0
1,0,1,8,0,0,0,1,-2.26618955556339,-2.3237272133036324,-0.036367453805480225,-0.20952245260363286,1.4846675919450634,1
3,0,7,7,0,6,0,1,0.8424647769606661,0.7540074019865686,0.7935327682012348,0.03416424037250481,0.986241167131304,1
3,0,7,0,0,2,1,1,1.0497083991289362,1.1057153365266141,0.8454015320766545,-0.6977135791363653,-1.0074645321237332,0
2,1,4,7,0,2,1,1,-0.9191060114696326,-1.0051126468432632,0.17110760169619865,0.7668598004618318,-1.0074645321237332,0
1,0,3,6,0,3,1,2,-1.3335932558061734,-1.2686034096834955,1.1566141153291722,-0.6977135791363653,-0.5090381073099739,0
2,1,4,10,0,5,1,1,-0.2973751449648213,-0.21347960606335856,-1.2812177868155523,1.8650854000153652,0.48781474231754474,0
4,0,11,20,0,3,1,3,-0.2973751449648213,-0.21347960606335856,1.3122204069554313,1.6213987070392275,-0.5090381073099739,0
1,1,3,11,0,4,1,2,0.2207339104558549,0.22644550017650028,-0.14010498155631967,2.2314331800600287,-0.010611682496214593,0
3,1,7,23,0,5,1,1,1.360573832381342,1.4574232710666595,0.17110760169619865,-1.552252485713761,0.48781474231754474,0
3,1,8,4,0,4,1,1,0.6352211547923955,0.6657902302867552,0.5341889488241361,0.2786686739290992,-0.010611682496214593,0
4,0,12,21,0,6,0,1,-1.4372150668903083,-1.5326745486533315,-0.9700052035630343,0.2786686739290992,0.986241167131304,1
2,1,3,10,0,6,0,2,0.11711209937171958,0.13822832847668692,1.3122204069554313,0.03416424037250481,0.986241167131304,1
4,0,10,19,0,3,1,1,0.4279775326241249,0.40229946744652306,-0.34758003705799795,-0.4540268861602275,-0.5090381073099739,0
2,1,4,8,0,2,1,1,0.5315993437082602,0.8416441975567779,-1.021873967438454,0.2786686739290992,-1.0074645321237332,0
4,1,11,0,0,2,1,2,0.11711209937171958,0.13822832847668692,1.0528765875783328,0.7668598004618318,-1.0074645321237332,0
4,1,11,16,0,5,1,2,-0.090131522796551,-0.03762563879333582,-1.1256114951892935,-0.6977135791363653,0.48781474231754474,0
2,1,6,0,0,1,1,1,1.0497083991289362,1.0174981648268007,0.11923883782077893,-0.6977135791363653,-1.5058909569374925,0
1,0,2,11,0,5,1,1,-1.4372150668903083,-1.444457376953518,-0.8143989119367755,-0.4540268861602275,0.48781474231754474,0
3,1,9,6,0,3,1,1,0.11711209937171958,0.13822832847668692,0.01550131006993949,0.5223553669052369,-0.5090381073099739,0
1,1,3,7,0,6,0,2,-0.5046187671330916,-0.3893335733333813,1.9346455734604673,-0.4540268861602275,0.986241167131304,1
1,1,12,0,0,4,1,3,-1.229971444722038,-1.444457376953518,1.2603516430800117,0.8887031469499004,-0.010611682496214593,0
1,1,1,22,0,1,1,1,-1.1263496336379029,-1.180966614113286,-0.7625301480613558,0.2786686739290992,-1.5058909569374925,0
2,1,5,10,0,5,1,1,0.9460865880448014,0.9298613692565912,0.8454015320766545,-0.20952245260363286,0.48781474231754474,0
1,1,3,8,0,0,0,2,-0.40099695604895663,-0.30169677776317194,1.3122204069554313,-0.6977135791363653,1.4846675919450634,1
2,0,6,13,0,6,0,1,1.2569520212972067,1.0174981648268007,-1.7999054255697489,-0.4540268861602275,0.986241167131304,1
3,1,9,18,0,3,1,1,0.8424647769606661,0.8416441975567779,-0.9700052035630343,0.5223553669052369,-0.5090381073099739,0
1,0,3,7,0,3,1,1,-1.4372150668903083,-1.5326745486533315,0.06737007394535921,0.5223553669052369,-0.5090381073099739,0
4,0,11,9,0,6,0,1,-1.0227278225537677,-1.180966614113286,-0.34758003705799795,0.8887031469499004,0.986241167131304,1
1,1,3,15,0,5,1,1,-0.19375333388068602,-0.1258428104931492,-2.007380481071428,0.5223553669052369,0.48781474231754474,0
1,0,3,20,0,3,1,2,-0.9191060114696326,-0.9168954751434499,1.2603516430800117,0.03416424037250481,-0.5090381073099739,0
4,0,10,12,0,6,0,3,-1.3335932558061734,-1.6203113442235408,1.2603516430800117,2.4751198730361663,0.986241167131304,1
4,0,11,12,0,1,1,1,-0.19375333388068602,-0.1258428104931492,0.22297636557161837,-1.552252485713761,-1.5058909569374925,0
4,0,9,6,0,5,1,1,0.11711209937171958,0.13822832847668692,1.0528765875783328,0.2786686739290992,0.48781474231754474,0
4,0,12,15,0,3,1,3,-0.40099695604895663,-0.30169677776317194,1.623432990207949,0.2786686739290992,-0.5090381073099739,0
2,1,6,16,0,5,1,1,1.1533302102130714,1.0174981648268007,-1.3330865506909721,0.03416424037250481,0.48781474231754474,0
2,0,6,12,0,0,0,2,1.2569520212972067,1.1933521320968234,-0.39944880093341767,-0.8195569256244342,1.4846675919450634,1
4,0,10,0,0,1,1,1,-0.8154842003854972,-0.7410415078734272,1.2603516430800117,-0.6977135791363653,-1.5058909569374925,0
1,0,1,5,0,0,0,2,-1.229971444722038,-1.2686034096834955,-0.34758003705799795,-0.20952245260363286,1.4846675919450634,1
2,1,5,7,0,5,1,2,0.6352211547923955,0.48993626301673243,1.3122204069554313,-0.20952245260363286,0.48781474231754474,0
4,1,11,18,0,5,1,2,-0.19375333388068602,-0.1258428104931492,-0.9700052035630343,-1.552252485713761,0.48781474231754474,0
3,1,9,5,0,5,1,1,0.013490288287584293,0.050011156776873573,1.001007823702913,-1.552252485713761,0.48781474231754474,0
2,0,5,11,0,2,1,2,0.3243557215399902,0.3140822957467097,-1.021873967438454,-0.4540268861602275,-1.0074645321237332,0
1,1,3,18,0,5,1,3,-0.090131522796551,-0.03762563879333582,1.001007823702913,-0.8195569256244342,0.48781474231754474,0
2,0,3,10,0,6,0,1,-1.229971444722038,-1.2686034096834955,-1.1256114951892935,-0.20952245260363286,0.986241167131304,1
1,0,2,22,0,6,0,1,-1.229971444722038,-1.180966614113286,1.57156422633253,-0.4540268861602275,0.986241167131304,1
1,1,1,20,0,3,1,1,-0.9191060114696326,-0.9168954751434499,-0.08823621768089995,0.03416424037250481,-0.5090381073099739,0
2,0,6,18,0,1,1,1,1.360573832381342,1.1057153365266141,-1.64429913394349,-0.4540268861602275,-1.5058909569374925,0
3,0,8,0,0,2,1,1,0.7388429658765308,0.7540074019865686,0.3267138933224572,-0.6977135791363653,-1.0074645321237332,0
2,1,4,7,0,1,1,1,-0.40099695604895663,-0.30169677776317194,-1.7999054255697489,0.03416424037250481,-1.5058909569374925,0
4,1,11,10,0,5,1,1,-0.7118623893013623,-0.8292586795732405,-0.6587926203105163,1.1332075805064954,0.48781474231754474,0
1,1,2,6,0,2,1,2,-1.229971444722038,-1.0051126468432632,-0.34758003705799795,-1.552252485713761,-1.0074645321237332,0
3,1,8,17,0,2,1,1,1.2569520212972067,1.1057153365266141,-0.6069238564350966,0.7668598004618318,-1.0074645321237332,0
1,1,1,9,0,6,0,1,-1.4372150668903083,-1.444457376953518,0.8972702959520742,-0.4540268861602275,0.986241167131304,1
3,1,7,8,0,5,1,1,1.5678174545496126,1.3692060993668462,-1.1256114951892935,-0.20952245260363286,0.48781474231754474,0
2,0,5,17,0,5,1,1,0.4279775326241249,0.40229946744652306,-1.1774802590647129,1.376894273482633,0.48781474231754474,0
4,1,12,23,0,3,1,2,-1.1263496336379029,-1.180966614113286,-0.34758003705799795,0.2786686739290992,-0.5090381073099739,0
4,0,12,18,0,0,0,1,-1.1263496336379029,-1.180966614113286,-0.9181364396876146,0.03416424037250481,1.4846675919450634,1
1,1,3,4,0,3,1,1,-0.090131522796551,-0.03762563879333582,0.22297636557161837,-0.8195569256244342,-0.5090381073099739,0
4,0,10,7,0,1,1,2,-0.7118623893013623,-0.7410415078734272,0.43045142107329665,-0.4540268861602275,-1.5058909569374925,0
1,0,3,10,0,4,1,1,-0.2973751449648213,-0.21347960606335856,-0.4513175648088374,1.1332075805064954,-0.010611682496214593,0
3,1,8,12,0,0,0,3,1.1533302102130714,1.2815693037966367,0.5860577126995559,1.376894273482633,1.4846675919450634,1
1,0,2,23,0,3,1,1,-0.6082405782172269,-0.477550745033195,-1.1774802590647129,0.2786686739290992,-0.5090381073099739,0
1,0,3,12,0,3,1,1,-0.5046187671330916,-0.3893335733333813,-1.021873967438454,0.03416424037250481,-0.5090381073099739,0
4,0,11,23,0,2,1,2,-0.090131522796551,-0.03762563879333582,1.623432990207949,0.5223553669052369,-1.0074645321237332,0
3,0,8,0,0,5,1,3,0.9460865880448014,0.9298613692565912,0.3267138933224572,0.03416424037250481,0.48781474231754474,0
4,1,10,14,0,0,0,2,-0.2973751449648213,-0.21347960606335856,0.22297636557161837,-1.552252485713761,1.4846675919450634,1
4,1,11,1,0,5,1,2,-1.0227278225537677,-0.9168954751434499,0.11923883782077893,-0.8195569256244342,0.48781474231754474,0
1,1,1,22,0,4,1,1,-1.229971444722038,-1.2686034096834955,-0.14010498155631967,-0.20952245260363286,-0.010611682496214593,0
2,1,4,20,0,5,1,1,0.4279775326241249,0.40229946744652306,-0.34758003705799795,-0.20952245260363286,0.48781474231754474,0
1,0,12,3,0,4,1,1,-1.5408368779744437,-1.6203113442235408,-0.39944880093341767,0.03416424037250481,-0.010611682496214593,0
4,1,12,23,0,0,0,3,-0.7118623893013623,-0.6534047123032177,1.9346455734604673,-0.8195569256244342,1.4846675919450634,1
1,1,2,17,0,4,1,1,-0.8154842003854972,-0.8292586795732405,-1.488692842317231,-0.4540268861602275,-0.010611682496214593,0
3,0,9,6,0,5,1,1,-0.6082405782172269,-0.477550745033195,0.43045142107329665,0.2786686739290992,0.48781474231754474,0
3,1,6,21,0,4,1,1,1.6714392656337473,1.7209140339068922,-0.5550550925596769,0.03416424037250481,-0.010611682496214593,0
1,0,12,16,0,6,0,1,-0.2973751449648213,-0.21347960606335856,-0.6069238564350966,1.6213987070392275,0.986241167131304,1
3,0,9,12,0,4,1,2,0.8424647769606661,0.8416441975567779,0.3267138933224572,0.8887031469499004,-0.010611682496214593,0
4,1,12,21,0,1,1,2,-0.19375333388068602,-0.1258428104931492,1.623432990207949,0.03416424037250481,-1.5058909569374925,0
3,0,9,23,0,1,1,2,0.3243557215399902,0.3140822957467097,0.5341889488241361,0.03416424037250481,-1.5058909569374925,0
4,0,10,7,0,0,0,1,-0.2973751449648213,-0.21347960606335856,1.2084828792045919,-1.552252485713761,1.4846675919450634,1
1,1,3,18,0,1,1,3,-1.1263496336379029,-1.444457376953518,-0.39944880093341767,3.817849906146294,-1.5058909569374925,0
3,1,7,14,0,1,1,1,1.8786828878020179,1.633277238336683,-1.488692842317231,0.2786686739290992,-1.5058909569374925,0
3,1,7,15,0,6,0,1,1.9823046988861532,1.7209140339068922,-1.5924303700680704,0.7668598004618318,0.986241167131304,1
3,0,8,20,0,4,1,1,0.8424647769606661,0.7540074019865686,1.0528765875783328,-0.6977135791363653,-0.010611682496214593,0
4,0,11,16,0,5,1,1,-0.19375333388068602,-0.1258428104931492,-1.3849553145663918,1.6213987070392275,0.48781474231754474,0
3,1,7,20,0,2,1,3,1.360573832381342,1.2815693037966367,-0.39944880093341767,2.4751198730361663,-1.0074645321237332,0
1,0,12,5,0,0,0,1,-1.5408368779744437,-1.444457376953518,0.6379264765749756,-0.6977135791363653,1.4846675919450634,1
2,1,4,21,0,4,1,1,0.11711209937171958,0.13822832847668692,1.0528765875783328,0.2786686739290992,-0.010611682496214593,0
4,0,11,13,1,4,0,1,-0.090131522796551,-0.03762563879333582,-1.5405616061926506,0.2786686739290992,-0.010611682496214593,0
3,0,8,17,0,2,1,2,2.0859265099702884,1.8091312056067057,-1.8517741894451687,-0.4540268861602275,-1.0074645321237332,0
1,0,2,13,0,1,1,2,-0.7118623893013623,-0.6534047123032177,-0.29571127318257884,-0.8195569256244342,-1.5058909569374925,0
1,1,2,13,0,3,1,2,-0.7118623893013623,-0.8292586795732405,1.57156422633253,1.376894273482633,-0.5090381073099739,0
2,0,4,0,0,6,0,2,-1.0227278225537677,-0.8292586795732405,-0.08823621768089995,-1.552252485713761,0.986241167131304,1
2,0,6,20,0,0,0,1,0.8424647769606661,0.8416441975567779,0.3267138933224572,0.03416424037250481,1.4846675919450634,1
1,0,1,1,0,0,0,1,-2.3698113666475256,-2.3237272133036324,-0.29571127318257884,-0.6977135791363653,1.4846675919450634,1
2,0,4,12,0,6,0,2,-0.7118623893013623,-0.7410415078734272,0.9491390598274939,-0.4540268861602275,0.986241167131304,1
4,0,9,13,0,3,1,1,1.0497083991289362,1.1057153365266141,0.5860577126995559,0.5223553669052369,-0.5090381073099739,0
4,1,12,23,0,5,1,1,-1.1263496336379029,-1.0051126468432632,0.6379264765749756,-0.8195569256244342,0.48781474231754474,0
4,1,10,9,0,2,1,2,0.013490288287584293,0.050011156776873573,0.48232018494871637,-0.6977135791363653,-1.0074645321237332,0
1,0,1,7,0,6,0,2,-1.7480805001427142,-1.7085285159233545,0.5860577126995559,-0.6977135791363653,0.986241167131304,1
4,0,11,20,0,3,1,1,-0.7118623893013623,-0.8292586795732405,-0.036367453805480225,1.6213987070392275,-0.5090381073099739,0
4,1,10,21,0,2,1,3,0.6352211547923955,0.40229946744652306,1.623432990207949,-0.6977135791363653,-1.0074645321237332,0
4,0,10,0,0,1,1,1,0.2207339104558549,0.22644550017650028,-0.34758003705799795,1.1332075805064954,-1.5058909569374925,0
2,0,5,6,0,3,1,3,-0.8154842003854972,-1.0051126468432632,1.57156422633253,1.6213987070392275,-0.5090381073099739,0
3,0,8,3,0,0,0,1,0.8424647769606661,0.7540074019865686,1.0528765875783328,0.2786686739290992,1.4846675919450634,1
4,1,10,15,0,3,1,2,1.1533302102130714,1.1933521320968234,-0.036367453805480225,-0.20952245260363286,-0.5090381073099739,0
1,0,2,15,0,4,1,3,-0.5046187671330916,-0.3893335733333813,-0.4513175648088374,1.6213987070392275,-0.010611682496214593,0
4,1,12,19,0,3,1,1,-0.6082405782172269,-0.477550745033195,-1.021873967438454,1.376894273482633,-0.5090381073099739,0
1,0,1,14,0,6,0,2,-0.19375333388068602,-0.1258428104931492,0.48232018494871637,0.7668598004618318,0.986241167131304,1
3,0,7,11,0,3,1,1,1.5678174545496126,1.2815693037966367,-1.64429913394349,-1.552252485713761,-0.5090381073099739,0
1,0,1,18,0,1,1,2,-1.7480805001427142,-1.8843824831933773,-0.39944880093341767,0.2786686739290992,-1.5058909569374925,0
1,1,2,6,0,2,1,1,-0.9191060114696326,-1.0051126468432632,-0.9181364396876146,0.8887031469499004,-1.0074645321237332,0
4,1,9,5,0,2,1,1,-0.40099695604895663,-0.30169677776317194,0.741664004325815,-0.8195569256244342,-1.0074645321237332,0
3,0,8,22,0,3,1,1,1.0497083991289362,1.0174981648268007,0.11923883782077893,0.03416424037250481,-0.5090381073099739,0
3,0,7,14,0,3,1,1,1.8786828878020179,2.072621968446938,-0.5031863286842572,0.2786686739290992,-0.5090381073099739,0
3,1,8,14,0,5,1,1,1.4641956434654773,1.2815693037966367,-1.021873967438454,-0.6977135791363653,0.48781474231754474,0
4,0,12,6,0,2,1,1,-1.5408368779744437,-1.2686034096834955,0.8972702959520742,-1.552252485713761,-1.0074645321237332,0
2,0,6,20,0,4,1,1,0.6352211547923955,0.5781534347165458,1.0528765875783328,1.1332075805064954,-0.010611682496214593,0
1,1,2,23,0,0,0,1,-1.3335932558061734,-1.3568205813833087,0.3785826571978769,-0.4540268861602275,1.4846675919450634,1
4,1,10,11,0,4,1,2,0.3243557215399902,0.3140822957467097,-0.34758003705799795,0.2786686739290992,-0.010611682496214593,0
1,1,12,1,1,2,0,2,-1.229971444722038,-1.2686034096834955,1.2603516430800117,-0.20952245260363286,-1.0074645321237332,0
2,1,6,20,0,2,1,1,1.5678174545496126,1.633277238336683,-0.39944880093341767,0.5223553669052369,-1.0074645321237332,0
3,0,7,14,1,1,0,1,1.5678174545496126,1.4574232710666595,-0.8662676758121949,-1.552252485713761,-1.5058909569374925,0
3,1,7,12,0,6,0,1,2.3967919432226936,2.248475935716961,-1.64429913394349,1.376894273482633,0.986241167131304,1
4,0,10,7,0,6,0,3,-1.229971444722038,-1.444457376953518,1.2603516430800117,1.376894273482633,0.986241167131304,1
1,0,1,5,0,6,0,2,-1.3335932558061734,-1.2686034096834955,0.6379264765749756,-0.8195569256244342,0.986241167131304,1
4,0,11,0,0,0,0,1,-0.6082405782172269,-0.477550745033195,0.17110760169619865,-0.20952245260363286,1.4846675919450634,1
2,1,6,18,0,5,1,1,1.1533302102130714,1.0174981648268007,-1.2293490229401327,0.2786686739290992,0.48781474231754474,0
1,0,3,17,0,1,1,1,-0.6082405782172269,-0.477550745033195,-1.1774802590647129,0.03416424037250481,-1.5058909569374925,0
4,0,10,9,0,6,0,1,0.013490288287584293,0.050011156776873573,0.741664004325815,-1.552252485713761,0.986241167131304,1
4,0,10,4,0,5,1,1,-0.7118623893013623,-0.7410415078734272,0.43045142107329665,-0.20952245260363286,0.48781474231754474,0
1,1,3,23,0,6,0,1,-1.229971444722038,-1.2686034096834955,-1.1256114951892935,0.03416424037250481,0.986241167131304,1
1,0,12,0,0,4,1,2,-1.4372150668903083,-1.444457376953518,-0.8143989119367755,0.03416424037250481,-0.010611682496214593,0
4,0,10,18,0,1,1,2,-0.5046187671330916,-0.3893335733333813,0.6897952404503953,-0.20952245260363286,-1.5058909569374925,0
1,0,1,9,0,6,0,1,-2.3698113666475256,-2.5877983522734684,-1.1256114951892935,0.5223553669052369,0.986241167131304,1
3,1,8,18,0,2,1,1,1.4641956434654773,1.2815693037966367,-1.1774802590647129,0.5223553669052369,-1.0074645321237332,0
1,0,1,5,0,4,1,2,-1.8517023112268494,-1.7085285159233545,0.3267138933224572,-0.8195569256244342,-0.010611682496214593,0
2,0,5,22,0,1,1,1,0.11711209937171958,0.13822832847668692,0.2748451294470381,-0.8195569256244342,-1.5058909569374925,0
3,1,6,16,0,4,1,1,2.0859265099702884,1.9849851728767285,-1.4368240784418116,-0.4540268861602275,-0.010611682496214593,0
4,0,10,14,0,3,1,3,0.2207339104558549,0.22644550017650028,1.623432990207949,-0.20952245260363286,-0.5090381073099739,0
1,1,1,13,0,6,0,1,-0.8154842003854972,-0.9168954751434499,-0.29571127318257884,0.5223553669052369,0.986241167131304,1
4,0,10,7,0,3,1,1,-0.19375333388068602,-0.1258428104931492,0.741664004325815,-0.6977135791363653,-0.5090381073099739,0
4,1,10,21,0,2,1,2,-0.090131522796551,-0.03762563879333582,0.741664004325815,-0.4540268861602275,-1.0074645321237332,0
1,1,1,3,0,0,0,1,-1.229971444722038,-1.2686034096834955,-1.7999054255697489,0.03416424037250481,1.4846675919450634,1
2,1,4,17,0,4,1,1,0.013490288287584293,0.050011156776873573,-1.64429913394349,-0.20952245260363286,-0.010611682496214593,0
1,1,3,2,0,3,1,1,-1.0227278225537677,-1.0927494424134727,-0.34758003705799795,0.7668598004618318,-0.5090381073099739,0
1,0,3,17,0,4,1,1,-1.229971444722038,-1.0051126468432632,-2.111118008822267,-1.552252485713761,-0.010611682496214593,0
2,0,6,11,0,3,1,1,0.9460865880448014,0.9298613692565912,-1.3849553145663918,-1.552252485713761,-0.5090381073099739,0
1,1,2,20,0,2,1,1,-0.5046187671330916,-0.3893335733333813,-1.6961678978189099,-0.4540268861602275,-1.0074645321237332,0
4,1,11,1,0,4,1,3,-1.0227278225537677,-1.180966614113286,-0.5550550925596769,1.376894273482633,-0.010611682496214593,0
1,1,12,15,0,0,0,1,-0.8154842003854972,-0.8292586795732405,-1.488692842317231,-0.4540268861602275,1.4846675919450634,1
1,0,1,9,0,4,1,1,-1.8517023112268494,-2.0602364504634,-0.6587926203105163,1.1332075805064954,-0.010611682496214593,0
3,1,8,17,0,5,1,2,1.7750610767178827,1.896768001176915,-0.5031863286842572,0.7668598004618318,0.48781474231754474,0
3,1,8,13,0,1,1,1,1.5678174545496126,1.545060066636869,-0.710661384185936,0.2786686739290992,-1.5058909569374925,0
3,0,8,17,0,4,1,1,1.1533302102130714,1.3692060993668462,1.1047453514537524,-1.552252485713761,-0.010611682496214593,0
4,1,11,13,0,4,1,2,-0.6082405782172269,-0.477550745033195,-0.4513175648088374,-0.6977135791363653,-0.010611682496214593,0
2,1,4,17,0,5,1,1,0.3243557215399902,0.3140822957467097,-2.007380481071428,-0.20952245260363286,0.48781474231754474,0
4,0,10,23,0,4,1,2,0.4279775326241249,0.40229946744652306,1.3122204069554313,0.03416424037250481,-0.010611682496214593,0
4,1,10,7,0,4,1,2,0.11711209937171958,0.13822832847668692,1.3122204069554313,0.03416424037250481,-0.010611682496214593,0
2,1,5,12,0,5,1,1,0.6352211547923955,0.8416441975567779,-1.1256114951892935,0.03416424037250481,0.48781474231754474,0
3,0,7,16,0,6,0,1,2.2931701321385587,2.336693107416774,-1.2812177868155523,-0.4540268861602275,0.986241167131304,1
3,0,9,17,0,4,1,3,0.7388429658765308,0.48993626301673243,1.623432990207949,0.7668598004618318,-0.010611682496214593,0
2,0,5,21,0,0,0,2,-0.19375333388068602,-0.1258428104931492,1.001007823702913,-1.552252485713761,1.4846675919450634,1
3,1,8,2,0,3,1,1,0.6352211547923955,0.6657902302867552,0.5341889488241361,-0.4540268861602275,-0.5090381073099739,0
2,0,6,15,0,1,1,1,1.0497083991289362,0.9298613692565912,-1.3330865506909721,2.1095898335719596,-1.5058909569374925,0
2,0,4,22,0,5,1,1,-0.40099695604895663,-0.30169677776317194,-0.24384250930715912,-0.20952245260363286,0.48781474231754474,0
3,1,8,4,0,4,1,1,0.6352211547923955,0.6657902302867552,0.5341889488241361,-1.552252485713761,-0.010611682496214593,0
3,1,8,8,0,1,1,2,0.6352211547923955,0.6657902302867552,0.5341889488241361,-0.6977135791363653,-1.5058909569374925,0
1,0,2,0,1,1,0,2,-0.8154842003854972,-1.0051126468432632,-1.0737427313138737,1.1332075805064954,-1.5058909569374925,0
3,1,8,6,0,2,1,2,0.8424647769606661,0.6657902302867552,1.3640891708308511,-0.6977135791363653,-1.0074645321237332,0
4,0,11,7,0,1,1,1,-0.40099695604895663,-0.30169677776317194,1.3122204069554313,-1.552252485713761,-1.5058909569374925,0
1,1,1,9,0,0,0,1,-0.9191060114696326,-0.8292586795732405,-0.5031863286842572,-0.4540268861602275,1.4846675919450634,1
1,1,2,20,0,0,0,1,-1.8517023112268494,-2.0602364504634,-1.0737427313138737,1.1332075805064954,1.4846675919450634,1
2,0,5,19,0,0,0,2,-0.19375333388068602,-0.1258428104931492,1.1047453514537524,-0.6977135791363653,1.4846675919450634,1
2,0,3,20,0,5,1,2,-1.0227278225537677,-1.0051126468432632,-1.2293490229401327,-0.4540268861602275,0.48781474231754474,0
4,1,12,15,0,4,1,1,-0.9191060114696326,-0.7410415078734272,-1.2293490229401327,-1.552252485713761,-0.010611682496214593,0
2,0,4,5,0,0,0,1,-0.7118623893013623,-0.7410415078734272,0.43045142107329665,-0.20952245260363286,1.4846675919450634,1
1,1,1,23,0,3,1,1,-1.7480805001427142,-1.9720192787635866,-0.8143989119367755,0.8887031469499004,-0.5090381073099739,0
3,1,6,8,0,5,1,1,1.360573832381342,1.2815693037966367,-0.39944880093341767,-0.4540268861602275,0.48781474231754474,0
3,1,7,3,0,3,1,1,0.7388429658765308,0.5781534347165458,1.3640891708308511,-0.4540268861602275,-0.5090381073099739,0
2,0,4,3,0,3,1,1,-0.40099695604895663,-0.30169677776317194,1.623432990207949,-1.552252485713761,-0.5090381073099739,0
1,0,3,19,0,2,1,2,-0.8154842003854972,-0.9168954751434499,0.43045142107329665,0.7668598004618318,-1.0074645321237332,0
3,1,7,15,1,3,0,1,2.1895483210544238,2.1608391401467513,-1.4368240784418116,0.8887031469499004,-0.5090381073099739,0
4,0,12,1,0,3,1,1,-1.229971444722038,-1.0051126468432632,0.6379264765749756,-1.552252485713761,-0.5090381073099739,0
3,1,9,19,0,4,1,1,0.9460865880448014,0.9298613692565912,0.5860577126995559,0.5223553669052369,-0.010611682496214593,0
1,1,3,21,0,6,0,1,-1.0227278225537677,-1.0927494424134727,-1.2293490229401327,0.2786686739290992,0.986241167131304,1
4,0,11,10,0,2,1,1,-0.40099695604895663,-0.30169677776317194,0.43045142107329665,-0.8195569256244342,-1.0074645321237332,0
1,1,2,23,1,1,0,1,-1.0227278225537677,-0.8292586795732405,-1.2293490229401327,-1.552252485713761,-1.5058909569374925,0
4,1,11,6,0,1,1,2,-0.7118623893013623,-0.8292586795732405,0.17110760169619865,0.5223553669052369,-1.5058909569374925,0
3,1,8,19,0,3,1,1,1.0497083991289362,1.0174981648268007,-0.08823621768089995,-0.4540268861602275,-0.5090381073099739,0
4,1,11,4,0,2,1,3,-1.0227278225537677,-1.0927494424134727,0.9491390598274939,0.03416424037250481,-1.0074645321237332,0
4,0,11,19,0,3,1,1,-0.5046187671330916,-0.3893335733333813,0.6897952404503953,-0.4540268861602275,-0.5090381073099739,0
1,1,1,18,0,3,1,1,-1.3335932558061734,-1.5326745486533315,-1.5924303700680704,1.376894273482633,-0.5090381073099739,0
1,1,3,15,0,5,1,3,-0.19375333388068602,-0.1258428104931492,1.001007823702913,-0.6977135791363653,0.48781474231754474,0
2,0,4,19,0,6,0,1,0.3243557215399902,0.3140822957467097,1.0528765875783328,0.7668598004618318,0.986241167131304,1
1,1,3,20,0,2,1,1,0.5315993437082602,0.8416441975567779,-0.710661384185936,-0.20952245260363286,-1.0074645321237332,0
2,1,4,3,0,3,1,1,-0.2973751449648213,-0.21347960606335856,-0.24384250930715912,-0.8195569256244342,-0.5090381073099739,0
2,1,4,5,0,5,1,2,-0.8154842003854972,-0.8292586795732405,-0.5031863286842572,-0.20952245260363286,0.48781474231754474,0
3,1,6,10,0,2,1,1,0.6352211547923955,0.8416441975567779,-1.1256114951892935,1.376894273482633,-1.0074645321237332,0
4,1,12,20,0,1,1,2,-0.19375333388068602,-0.1258428104931492,0.741664004325815,-1.552252485713761,-1.5058909569374925,0
1,0,3,2,0,5,1,3,-0.8154842003854972,-0.7410415078734272,1.9346455734604673,-0.6977135791363653,0.48781474231754474,0
3,0,9,6,0,5,1,2,0.6352211547923955,0.22644550017650028,1.9346455734604673,-0.4540268861602275,0.48781474231754474,0
2,0,5,3,0,4,1,1,-0.8154842003854972,-0.9168954751434499,0.17110760169619865,0.5223553669052369,-0.010611682496214593,0
2,1,5,5,1,1,0,1,0.5315993437082602,0.5781534347165458,0.7935327682012348,-0.4540268861602275,-1.5058909569374925,0
1,0,3,17,0,2,1,1,-0.7118623893013623,-0.7410415078734272,-1.8517741894451687,0.2786686739290992,-1.0074645321237332,0
3,0,6,10,0,0,0,1,1.1533302102130714,1.1057153365266141,-0.7625301480613558,-0.6977135791363653,1.4846675919450634,1
1,0,3,21,0,6,0,1,-0.6082405782172269,-0.477550745033195,-0.036367453805480225,-1.552252485713761,0.986241167131304,1
3,0,8,0,0,3,1,1,0.5315993437082602,0.6657902302867552,0.3267138933224572,-1.552252485713761,-0.5090381073099739,0
1,0,1,13,0,6,0,1,-2.162567744479255,-1.796165311493564,-1.4368240784418116,-1.552252485713761,0.986241167131304,1
2,1,3,20,0,3,1,1,0.3243557215399902,0.3140822957467097,0.7935327682012348,-0.8195569256244342,-0.5090381073099739,0
3,1,7,15,0,5,1,2,1.0497083991289362,1.1057153365266141,1.1047453514537524,0.8887031469499004,0.48781474231754474,0
1,1,1,20,0,0,0,1,-1.0227278225537677,-1.0927494424134727,-1.2293490229401327,0.2786686739290992,1.4846675919450634,1
4,0,11,13,0,2,1,3,0.2207339104558549,0.22644550017650028,-0.14010498155631967,0.2786686739290992,-1.0074645321237332,0
3,1,9,19,0,2,1,2,0.5315993437082602,0.40229946744652306,1.3122204069554313,0.8887031469499004,-1.0074645321237332,0
1,0,2,7,0,1,1,2,-0.7118623893013623,-0.6534047123032177,1.57156422633253,-0.6977135791363653,-1.5058909569374925,0
1,0,1,16,0,5,1,1,-1.4372150668903083,-1.3568205813833087,-1.1256114951892935,-0.6977135791363653,0.48781474231754474,0
4,1,12,7,0,0,0,2,-0.8154842003854972,-0.7410415078734272,1.2603516430800117,-0.8195569256244342,1.4846675919450634,1
2,0,6,10,0,6,0,1,1.1533302102130714,1.1933521320968234,-0.036367453805480225,0.03416424037250481,0.986241167131304,1
2,0,6,13,0,1,1,1,0.7388429658765308,0.7540074019865686,0.11923883782077893,-0.6977135791363653,-1.5058909569374925,0
2,1,3,4,0,5,1,1,-0.8154842003854972,-0.7410415078734272,-0.5031863286842572,-0.8195569256244342,0.48781474231754474,0
1,1,2,13,0,5,1,2,-0.40099695604895663,-0.30169677776317194,0.43045142107329665,-0.6977135791363653,0.48781474231754474,0
1,1,2,17,0,5,1,3,-0.40099695604895663,-0.30169677776317194,1.623432990207949,-0.6977135791363653,0.48781474231754474,0
3,0,8,19,0,6,0,3,1.1533302102130714,1.3692060993668462,1.1047453514537524,0.5223553669052369,0.986241167131304,1
1,1,1,11,0,4,1,2,-1.0227278225537677,-0.9168954751434499,1.2603516430800117,-0.6977135791363653,-0.010611682496214593,0
3,1,9,21,0,2,1,2,0.5315993437082602,0.40229946744652306,1.3122204069554313,0.03416424037250481,-1.0074645321237332,0
3,1,8,23,0,6,0,3,0.8424647769606661,0.7540074019865686,0.7935327682012348,-0.20952245260363286,0.986241167131304,1
1,1,2,2,0,2,1,1,-1.0227278225537677,-0.8292586795732405,-0.08823621768089995,-1.552252485713761,-1.0074645321237332,0
2,0,5,14,0,0,0,1,0.5315993437082602,0.8416441975567779,-0.710661384185936,-1.552252485713761,1.4846675919450634,1
4,1,10,20,0,6,0,1,-0.090131522796551,-0.03762563879333582,-0.39944880093341767,0.5223553669052369,0.986241167131304,1
4,0,11,12,0,0,0,1,0.2207339104558549,0.22644550017650028,-0.34758003705799795,0.7668598004618318,1.4846675919450634,1
1,0,2,2,0,6,0,1,-1.4372150668903083,-1.6203113442235408,-0.14010498155631967,1.376894273482633,0.986241167131304,1
4,1,10,8,1,1,0,2,-0.7118623893013623,-0.7410415078734272,0.43045142107329665,0.2786686739290992,-1.5058909569374925,0
3,0,9,3,0,6,0,1,0.4279775326241249,0.40229946744652306,1.9346455734604673,-0.4540268861602275,0.986241167131304,1
4,1,10,20,0,4,1,2,0.3243557215399902,0.3140822957467097,0.2748451294470381,0.5223553669052369,-0.010611682496214593,0
1,0,2,7,0,2,1,1,-1.5408368779744437,-1.7085285159233545,-1.5924303700680704,1.376894273482633,-1.0074645321237332,0
3,1,9,7,0,1,1,1,0.11711209937171958,0.13822832847668692,0.741664004325815,-1.552252485713761,-1.5058909569374925,0
1,1,3,3,0,4,1,1,0.013490288287584293,0.050011156776873573,0.01550131006993949,-1.552252485713761,-0.010611682496214593,0
3,0,9,18,0,3,1,3,0.7388429658765308,0.5781534347165458,1.3640891708308511,-1.552252485713761,-0.5090381073099739,0
1,0,1,13,0,3,1,1,-1.4372150668903083,-1.6203113442235408,-0.9700052035630343,1.376894273482633,-0.5090381073099739,0
2,1,5,6,0,5,1,2,0.6352211547923955,0.48993626301673243,1.3122204069554313,-0.6977135791363653,0.48781474231754474,0
2,1,5,19,0,1,1,1,0.4279775326241249,0.40229946744652306,-0.34758003705799795,1.1332075805064954,-1.5058909569374925,0
4,1,9,0,0,1,1,1,-0.19375333388068602,-0.1258428104931492,0.01550131006993949,0.03416424037250481,-1.5058909569374925,0
4,0,12,18,0,3,1,3,-0.5046187671330916,-0.3893335733333813,1.623432990207949,0.8887031469499004,-0.5090381073099739,0
4,1,12,7,0,3,1,1,-1.229971444722038,-1.180966614113286,0.6379264765749756,-0.4540268861602275,-0.5090381073099739,0
4,0,10,7,0,0,0,1,-1.3335932558061734,-1.0927494424134727,0.6379264765749756,-1.552252485713761,1.4846675919450634,1
2,0,3,3,0,0,0,3,-1.5408368779744437,-1.6203113442235408,0.3267138933224572,0.2786686739290992,1.4846675919450634,1
3,0,8,7,0,1,1,1,1.1533302102130714,1.1933521320968234,-0.036367453805480225,0.8887031469499004,-1.5058909569374925,0
2,0,4,4,0,5,1,1,-0.19375333388068602,-0.1258428104931492,-0.6069238564350966,-0.4540268861602275,0.48781474231754474,0
3,0,8,18,0,3,1,1,1.2569520212972067,1.1933521320968234,-0.39944880093341767,0.8887031469499004,-0.5090381073099739,0
2,0,6,21,0,3,1,1,0.7388429658765308,0.8416441975567779,-0.8143989119367755,0.2786686739290992,-0.5090381073099739,0
1,0,2,19,0,5,1,1,-1.0227278225537677,-1.180966614113286,-0.5550550925596769,2.1095898335719596,0.48781474231754474,0
3,1,7,6,0,1,1,1,0.8424647769606661,0.7540074019865686,1.0528765875783328,-0.20952245260363286,-1.5058909569374925,0
2,0,4,3,0,4,1,2,-0.19375333388068602,-0.1258428104931492,-0.6069238564350966,2.2314331800600287,-0.010611682496214593,0
1,1,1,17,0,3,1,3,-0.8154842003854972,-0.9168954751434499,1.2603516430800117,0.2786686739290992,-0.5090381073099739,0
3,1,8,13,0,0,0,3,0.7388429658765308,0.5781534347165458,1.0528765875783328,-0.4540268861602275,1.4846675919450634,1
3,1,8,6,0,6,0,1,0.5315993437082602,0.48993626301673243,1.0528765875783328,0.2786686739290992,0.986241167131304,1
3,0,8,14,0,5,1,1,1.5678174545496126,1.2815693037966367,-1.7480366616943295,0.03416424037250481,0.48781474231754474,0
4,0,12,3,0,4,1,1,-1.229971444722038,-1.3568205813833087,-0.34758003705799795,0.5223553669052369,-0.010611682496214593,0
4,0,10,23,0,2,1,2,0.3243557215399902,0.3140822957467097,1.0528765875783328,0.7668598004618318,-1.0074645321237332,0
3,1,9,4,0,6,0,2,0.5315993437082602,0.6657902302867552,0.3267138933224572,1.376894273482633,0.986241167131304,1
3,1,7,11,0,3,1,1,1.360573832381342,1.1057153365266141,-1.5405616061926506,-1.552252485713761,-0.5090381073099739,0
2,1,6,14,0,1,1,2,0.4279775326241249,0.40229946744652306,0.2748451294470381,0.03416424037250481,-1.5058909569374925,0
1,0,2,21,0,1,1,1,-0.9191060114696326,-0.7410415078734272,0.3785826571978769,-1.552252485713761,-1.5058909569374925,0
3,1,7,7,0,2,1,2,1.2569520212972067,1.2815693037966367,0.3785826571978769,-1.552252485713761,-1.0074645321237332,0
2,0,6,23,0,2,1,1,0.3243557215399902,0.3140822957467097,0.2748451294470381,0.2786686739290992,-1.0074645321237332,0
2,0,5,1,0,4,1,1,0.7388429658765308,0.7540074019865686,0.5341889488241361,-0.4540268861602275,-0.010611682496214593,0
1,1,3,9,0,6,0,2,-0.2973751449648213,-0.21347960606335856,1.3122204069554313,-0.8195569256244342,0.986241167131304,1
4,0,12,20,0,6,0,1,-1.3335932558061734,-1.444457376953518,-1.4368240784418116,0.2786686739290992,0.986241167131304,1
3,0,7,22,0,2,1,1,1.5678174545496126,1.4574232710666595,-0.8662676758121949,-0.4540268861602275,-1.0074645321237332,0
4,0,11,20,0,6,0,1,-0.9191060114696326,-0.7410415078734272,0.17110760169619865,-1.552252485713761,0.986241167131304,1
3,1,9,20,0,2,1,2,0.5315993437082602,0.40229946744652306,1.3122204069554313,0.03416424037250481,-1.0074645321237332,0
3,0,9,22,1,1,0,2,0.5315993437082602,0.40229946744652306,1.3122204069554313,3.207815433125493,-1.5058909569374925,0
2,0,4,8,0,3,1,2,0.4279775326241249,0.40229946744652306,1.3122204069554313,1.1332075805064954,-0.5090381073099739,0
4,0,12,1,0,6,0,1,-1.229971444722038,-1.2686034096834955,0.11923883782077893,0.03416424037250481,0.986241167131304,1
4,0,11,10,1,4,0,1,-0.7118623893013623,-0.565187540603404,-0.29571127318257884,-1.552252485713761,-0.010611682496214593,0
2,0,5,8,0,4,1,1,-0.090131522796551,-0.03762563879333582,1.001007823702913,0.03416424037250481,-0.010611682496214593,0
3,0,6,0,0,0,0,1,0.7388429658765308,0.8416441975567779,-0.5031863286842572,-1.552252485713761,1.4846675919450634,1
2,0,5,12,0,5,1,1,0.3243557215399902,0.3140822957467097,-0.710661384185936,1.376894273482633,0.48781474231754474,0
3,1,8,9,0,3,1,2,1.1533302102130714,1.1933521320968234,-0.036367453805480225,0.03416424037250481,-0.5090381073099739,0
3,0,9,16,0,2,1,3,0.2207339104558549,0.22644550017650028,1.623432990207949,1.6213987070392275,-1.0074645321237332,0
1,0,2,0,0,5,1,2,-1.5408368779744437,-1.2686034096834955,-0.9700052035630343,-1.552252485713761,0.48781474231754474,0
4,0,12,15,0,6,0,1,-1.1263496336379029,-1.2686034096834955,-0.9181364396876146,0.7668598004618318,0.986241167131304,1
2,0,6,15,0,2,1,1,0.7388429658765308,0.8416441975567779,-0.8143989119367755,-0.20952245260363286,-1.0074645321237332,0
3,0,9,17,0,3,1,3,0.7388429658765308,0.5781534347165458,1.3640891708308511,-1.552252485713761,-0.5090381073099739,0
4,1,9,4,0,2,1,1,-0.40099695604895663,-0.30169677776317194,0.43045142107329665,-0.4540268861602275,-1.0074645321237332,0
2,0,5,9,0,5,1,1,0.2207339104558549,0.22644550017650028,0.2748451294470381,0.2786686739290992,0.48781474231754474,0
4,0,9,20,0,3,1,3,0.5315993437082602,0.48993626301673243,1.0528765875783328,0.8887031469499004,-0.5090381073099739,0
1,0,2,10,0,1,1,2,0.11711209937171958,0.13822832847668692,0.48232018494871637,2.4751198730361663,-1.5058909569374925,0
2,0,5,4,0,3,1,1,0.2207339104558549,0.22644550017650028,1.9346455734604673,-0.6977135791363653,-0.5090381073099739,0
3,0,8,5,0,4,1,1,0.7388429658765308,0.8416441975567779,-0.08823621768089995,0.03416424037250481,-0.010611682496214593,0
1,1,12,2,0,0,0,2,-1.229971444722038,-1.3568205813833087,-0.34758003705799795,0.7668598004618318,1.4846675919450634,1
3,1,8,15,0,4,1,1,1.4641956434654773,1.2815693037966367,-0.8662676758121949,-0.4540268861602275,-0.010611682496214593,0
1,0,2,19,0,3,1,3,-1.8517023112268494,-2.0602364504634,1.2084828792045919,0.5223553669052369,-0.5090381073099739,0
3,0,9,3,0,1,1,2,0.013490288287584293,0.050011156776873573,0.741664004325815,-0.4540268861602275,-1.5058909569374925,0
1,0,2,3,0,4,1,1,-1.5408368779744437,-1.5326745486533315,0.06737007394535921,-0.4540268861602275,-0.010611682496214593,0
2,0,4,6,0,1,1,2,-0.19375333388068602,-0.1258428104931492,1.9346455734604673,0.2786686739290992,-1.5058909569374925,0
3,1,9,17,0,1,1,2,0.7388429658765308,0.7540074019865686,0.11923883782077893,0.2786686739290992,-1.5058909569374925,0
1,1,2,4,0,4,1,2,-1.4372150668903083,-1.6203113442235408,0.6379264765749756,2.1095898335719596,-0.010611682496214593,0
3,1,7,10,0,2,1,1,1.360573832381342,1.3692060993668462,-0.036367453805480225,0.03416424037250481,-1.0074645321237332,0
2,1,4,6,0,6,0,1,-0.8154842003854972,-0.8292586795732405,0.6897952404503953,-0.20952245260363286,0.986241167131304,1
3,0,8,18,0,5,1,2,1.2569520212972067,1.3692060993668462,0.5860577126995559,-0.4540268861602275,0.48781474231754474,0
3,0,9,9,0,5,1,2,0.6352211547923955,0.5781534347165458,1.0528765875783328,-0.6977135791363653,0.48781474231754474,0
3,0,8,10,0,5,1,1,1.2569520212972067,1.0174981648268007,-1.5405616061926506,-0.6977135791363653,0.48781474231754474,0
1,1,1,22,0,5,1,1,-0.7118623893013623,-0.7410415078734272,-0.6587926203105163,0.03416424037250481,0.48781474231754474,0
1,1,2,5,0,6,0,2,-1.0227278225537677,-1.180966614113286,-1.0737427313138737,0.8887031469499004,0.986241167131304,1
1,1,1,10,0,6,0,1,-1.7480805001427142,-1.444457376953518,-0.8143989119367755,-1.552252485713761,0.986241167131304,1
1,0,2,7,0,5,1,1,-1.8517023112268494,-1.5326745486533315,-0.1919737454317394,-1.552252485713761,0.48781474231754474,0
2,0,6,20,0,5,1,1,0.7388429658765308,0.6657902302867552,0.7935327682012348,-0.6977135791363653,0.48781474231754474,0
4,1,12,10,0,3,1,1,-0.9191060114696326,-0.8292586795732405,0.3785826571978769,-0.6977135791363653,-0.5090381073099739,0
3,0,9,13,0,2,1,3,0.2207339104558549,0.22644550017650028,1.3122204069554313,0.8887031469499004,-1.0074645321237332,0
1,1,3,14,0,4,1,1,0.4279775326241249,0.40229946744652306,-1.4368240784418116,0.2786686739290992,-0.010611682496214593,0
3,1,7,11,0,3,1,2,1.360573832381342,1.3692060993668462,-0.24384250930715912,-0.4540268861602275,-0.5090381073099739,0
2,1,4,15,0,2,1,1,0.8424647769606661,0.8416441975567779,-2.007380481071428,1.1332075805064954,-1.0074645321237332,0
4,1,11,13,1,1,0,1,0.5315993437082602,0.7540074019865686,-0.14010498155631967,0.2786686739290992,-1.5058909569374925,0
3,0,8,5,0,2,1,1,0.8424647769606661,0.8416441975567779,0.5860577126995559,-0.4540268861602275,-1.0074645321237332,0
4,1,12,23,0,3,1,1,-0.9191060114696326,-0.8292586795732405,0.17110760169619865,-0.4540268861602275,-0.5090381073099739,0
1,0,2,0,0,6,0,1,-1.7480805001427142,-1.6203113442235408,0.3267138933224572,-0.8195569256244342,0.986241167131304,1
4,1,10,4,0,1,1,2,0.3243557215399902,0.3140822957467097,0.2748451294470381,0.2786686739290992,-1.5058909569374925,0
1,0,12,11,1,1,0,1,-0.8154842003854972,-1.0927494424134727,-0.8662676758121949,3.207815433125493,-1.5058909569374925,0
3,0,9,18,0,2,1,2,0.2207339104558549,0.22644550017650028,1.3122204069554313,1.6213987070392275,-1.0074645321237332,0
3,0,6,12,0,3,1,2,1.5678174545496126,1.7209140339068922,-0.1919737454317394,0.2786686739290992,-0.5090381073099739,0
3,1,8,3,0,3,1,1,0.7388429658765308,0.5781534347165458,1.0528765875783328,-0.6977135791363653,-0.5090381073099739,0
3,0,6,18,0,0,0,2,1.1533302102130714,1.0174981648268007,-0.9181364396876146,0.5223553669052369,1.4846675919450634,1
4,0,10,22,0,6,0,1,0.013490288287584293,0.050011156776873573,0.741664004325815,-1.552252485713761,0.986241167131304,1
4,0,11,18,0,1,1,1,0.3243557215399902,0.3140822957467097,-0.34758003705799795,0.7668598004618318,-1.5058909569374925,0
1,1,1,4,0,0,0,3,-1.7480805001427142,-1.9720192787635866,0.8972702959520742,0.7668598004618318,1.4846675919450634,1
4,1,12,12,0,2,1,2,-0.7118623893013623,-0.9168954751434499,-0.5031863286842572,2.1095898335719596,-1.0074645321237332,0
2,1,3,3,0,3,1,2,0.013490288287584293,0.050011156776873573,1.3122204069554313,0.03416424037250481,-0.5090381073099739,0
3,0,7,12,0,2,1,1,1.7750610767178827,1.4574232710666595,-1.7999054255697489,-1.552252485713761,-1.0074645321237332,0
3,1,7,19,0,2,1,3,1.2569520212972067,1.1933521320968234,-0.036367453805480225,1.376894273482633,-1.0074645321237332,0
3,1,8,6,0,5,1,1,0.6352211547923955,-1.3568205813833087,0.7935327682012348,-0.4540268861602275,0.48781474231754474,0
2,0,5,2,0,0,0,1,-0.40099695604895663,-0.30169677776317194,0.741664004325815,-0.6977135791363653,1.4846675919450634,1
3,1,7,16,0,4,1,1,1.7750610767178827,1.7209140339068922,-0.8143989119367755,-0.8195569256244342,-0.010611682496214593,0
2,0,5,19,0,0,0,1,0.3243557215399902,0.3140822957467097,0.06737007394535921,-1.552252485713761,1.4846675919450634,1
1,1,2,22,0,3,1,2,-1.3335932558061734,-1.3568205813833087,1.2603516430800117,-0.4540268861602275,-0.5090381073099739,0
2,0,5,20,0,0,0,1,0.7388429658765308,0.7540074019865686,0.11923883782077893,-0.20952245260363286,1.4846675919450634,1
4,1,11,21,0,0,0,1,-1.0227278225537677,-1.180966614113286,-0.5550550925596769,0.8887031469499004,1.4846675919450634,1
2,0,5,17,0,3,1,1,1.2569520212972067,1.1057153365266141,-0.6069238564350966,0.2786686739290992,-0.5090381073099739,0
4,1,10,21,0,0,0,1,0.3243557215399902,0.3140822957467097,0.5341889488241361,2.1095898335719596,1.4846675919450634,1
2,1,5,4,0,3,1,3,0.3243557215399902,0.3140822957467097,1.3122204069554313,0.2786686739290992,-0.5090381073099739,0
2,0,4,4,0,0,0,1,-1.1263496336379029,-1.0051126468432632,0.3785826571978769,-0.8195569256244342,1.4846675919450634,1
1,0,2,13,0,1,1,3,-0.19375333388068602,-0.1258428104931492,1.623432990207949,0.2786686739290992,-1.5058909569374925,0
3,1,9,1,0,0,0,1,0.2207339104558549,0.22644550017650028,0.06737007394535921,-1.552252485713761,1.4846675919450634,1
4,1,10,21,0,3,1,2,-0.5046187671330916,-0.3893335733333813,-0.6587926203105163,0.03416424037250481,-0.5090381073099739,0
1,0,3,2,0,0,0,2,-0.5046187671330916,-0.3893335733333813,1.001007823702913,0.7668598004618318,1.4846675919450634,1
2,0,5,20,0,1,1,1,0.7388429658765308,0.5781534347165458,1.0528765875783328,0.2786686739290992,-1.5058909569374925,0
3,0,8,18,0,1,1,1,1.4641956434654773,1.2815693037966367,-1.021873967438454,0.03416424037250481,-1.5058909569374925,0
3,0,7,5,0,0,0,1,0.7388429658765308,0.7540074019865686,0.3267138933224572,0.2786686739290992,1.4846675919450634,1
3,0,8,13,0,3,1,1,1.2569520212972067,1.0174981648268007,-1.3330865506909721,-0.6977135791363653,-0.5090381073099739,0
1,1,1,19,0,5,1,1,-1.229971444722038,-1.3568205813833087,-1.2812177868155523,0.7668598004618318,0.48781474231754474,0
2,1,5,13,0,6,0,1,1.2569520212972067,1.1933521320968234,-0.39944880093341767,-0.4540268861602275,0.986241167131304,1
4,0,10,0,0,5,1,1,-0.8154842003854972,-0.9168954751434499,0.17110760169619865,0.5223553669052369,0.48781474231754474,0
1,0,12,20,0,3,1,2,0.013490288287584293,0.050011156776873573,1.623432990207949,1.376894273482633,-0.5090381073099739,0
3,1,8,12,0,3,1,1,1.5678174545496126,1.545060066636869,-0.710661384185936,-0.6977135791363653,-0.5090381073099739,0
1,1,1,10,0,4,1,2,-1.0227278225537677,-1.0051126468432632,0.9491390598274939,-0.4540268861602275,-0.010611682496214593,0
1,0,3,14,0,5,1,2,-0.7118623893013623,-0.8292586795732405,-0.6587926203105163,1.376894273482633,0.48781474231754474,0
4,1,12,6,0,0,0,2,-0.8154842003854972,-0.6534047123032177,1.2603516430800117,-1.552252485713761,1.4846675919450634,1
4,0,12,3,0,6,0,1,-1.229971444722038,-1.2686034096834955,-0.14010498155631967,0.03416424037250481,0.986241167131304,1
4,1,10,21,1,1,0,2,-0.5046187671330916,-0.3893335733333813,0.6897952404503953,0.2786686739290992,-1.5058909569374925,0
4,1,11,17,0,3,1,1,-0.8154842003854972,-0.8292586795732405,-1.64429913394349,-0.4540268861602275,-0.5090381073099739,0
3,1,7,13,0,6,0,1,1.8786828878020179,1.8091312056067057,-1.1256114951892935,0.7668598004618318,0.986241167131304,1
1,1,3,14,0,2,1,1,0.7388429658765308,0.8416441975567779,-0.5031863286842572,1.1332075805064954,-1.0074645321237332,0
2,1,5,10,0,0,0,1,0.8424647769606661,0.8416441975567779,-1.488692842317231,0.8887031469499004,1.4846675919450634,1
4,0,12,14,0,4,1,1,-0.5046187671330916,-0.3893335733333813,-1.1774802590647129,0.2786686739290992,-0.010611682496214593,0
3,0,9,17,0,5,1,1,1.0497083991289362,1.1057153365266141,0.8454015320766545,0.5223553669052369,0.48781474231754474,0
1,1,12,20,0,1,1,2,-1.229971444722038,-1.2686034096834955,-0.14010498155631967,-0.20952245260363286,-1.5058909569374925,0
3,1,9,6,0,6,0,1,0.9460865880448014,0.9298613692565912,0.8454015320766545,-1.552252485713761,0.986241167131304,1
4,1,11,0,0,4,1,2,-1.229971444722038,-1.0051126468432632,0.11923883782077893,-1.552252485713761,-0.010611682496214593,0
2,1,4,11,0,2,1,1,0.013490288287584293,0.050011156776873573,-1.3849553145663918,-1.552252485713761,-1.0074645321237332,0
3,0,8,4,0,1,1,1,0.9460865880448014,0.9298613692565912,0.11923883782077893,0.03416424037250481,-1.5058909569374925,0
1,1,3,8,0,4,1,1,-0.2973751449648213,-0.21347960606335856,0.741664004325815,-0.6977135791363653,-0.010611682496214593,0
3,1,7,4,0,3,1,1,1.1533302102130714,1.1933521320968234,0.3785826571978769,-0.4540268861602275,-0.5090381073099739,0
3,0,9,22,0,3,1,2,0.6352211547923955,0.40229946744652306,1.623432990207949,-1.552252485713761,-0.5090381073099739,0
2,1,4,22,0,1,1,2,0.11711209937171958,0.13822832847668692,-0.39944880093341767,-0.20952245260363286,-1.5058909569374925,0
2,0,6,11,0,1,1,2,0.5315993437082602,0.5781534347165458,0.7935327682012348,-0.6977135791363653,-1.5058909569374925,0
2,1,4,0,0,5,1,1,0.2207339104558549,0.22644550017650028,0.2748451294470381,2.9633109995688987,0.48781474231754474,0
4,0,11,6,0,5,1,1,-1.4372150668903083,-1.2686034096834955,-0.9700052035630343,-0.8195569256244342,0.48781474231754474,0
3,0,9,17,0,0,0,1,1.360573832381342,1.4574232710666595,0.17110760169619865,0.2786686739290992,1.4846675919450634,1
4,0,12,14,0,0,0,1,-1.0227278225537677,-0.8292586795732405,-1.7999054255697489,-1.552252485713761,1.4846675919450634,1
4,1,10,12,0,0,0,1,0.6352211547923955,0.8416441975567779,-0.8662676758121949,1.1332075805064954,1.4846675919450634,1
2,1,4,20,0,4,1,1,-0.2973751449648213,-0.21347960606335856,-1.1256114951892935,0.03416424037250481,-0.010611682496214593,0
3,1,8,14,0,2,1,1,1.6714392656337473,1.545060066636869,-1.1256114951892935,0.2786686739290992,-1.0074645321237332,0
2,0,4,19,0,5,1,1,-0.8154842003854972,-1.0051126468432632,-0.710661384185936,1.1332075805064954,0.48781474231754474,0
1,0,1,1,1,1,0,2,-1.5408368779744437,-1.6203113442235408,-0.9700052035630343,0.03416424037250481,-1.5058909569374925,0
2,0,4,19,0,2,1,1,-0.7118623893013623,-0.8292586795732405,-1.021873967438454,0.8887031469499004,-1.0074645321237332,0
1,1,2,18,0,6,0,1,-1.0227278225537677,-1.2686034096834955,-1.7999054255697489,3.207815433125493,0.986241167131304,1
4,1,11,0,0,0,0,1,-1.0227278225537677,-0.9168954751434499,-0.08823621768089995,-0.6977135791363653,1.4846675919450634,1
4,1,12,14,0,4,1,2,-0.7118623893013623,-0.7410415078734272,-0.5031863286842572,0.03416424037250481,-0.010611682496214593,0
2,1,3,13,0,1,1,1,-0.090131522796551,-0.03762563879333582,-1.7480366616943295,4.062354339702889,-1.5058909569374925,0
2,1,4,9,0,4,1,3,-0.19375333388068602,-0.1258428104931492,1.3122204069554313,-0.20952245260363286,-0.010611682496214593,0
3,1,8,19,0,3,1,1,1.2569520212972067,1.2815693037966367,0.17110760169619865,0.5223553669052369,-0.5090381073099739,0
4,0,11,4,0,4,1,2,-0.5046187671330916,-0.3893335733333813,-0.036367453805480225,1.8650854000153652,-0.010611682496214593,0
4,1,10,1,0,1,1,1,-0.2973751449648213,-0.21347960606335856,0.741664004325815,-0.8195569256244342,-1.5058909569374925,0
2,0,5,17,0,6,0,2,0.3243557215399902,0.3140822957467097,1.3122204069554313,0.03416424037250481,0.986241167131304,1
1,1,3,11,0,3,1,2,0.6352211547923955,0.8416441975567779,-1.1256114951892935,-0.20952245260363286,-0.5090381073099739,0
1,1,3,19,0,4,1,1,-0.090131522796551,-0.03762563879333582,-1.1256114951892935,1.1332075805064954,-0.010611682496214593,0
4,1,12,11,0,3,1,1,-0.5046187671330916,-0.3893335733333813,-0.4513175648088374,0.2786686739290992,-0.5090381073099739,0
4,0,10,13,0,2,1,2,0.5315993437082602,0.6657902302867552,0.5341889488241361,0.03416424037250481,-1.0074645321237332,0
3,1,7,23,0,3,1,1,0.9460865880448014,0.9298613692565912,-0.29571127318257884,0.8887031469499004,-0.5090381073099739,0
2,1,6,13,0,0,0,1,0.7388429658765308,0.8416441975567779,-0.5031863286842572,-0.20952245260363286,1.4846675919450634,1
4,1,12,17,0,6,0,2,-0.8154842003854972,-0.7410415078734272,0.6897952404503953,-0.6977135791363653,0.986241167131304,1
4,0,10,7,0,4,1,1,-0.40099695604895663,-0.30169677776317194,0.741664004325815,2.1095898335719596,-0.010611682496214593,0
4,1,10,16,0,0,0,1,0.7388429658765308,0.8416441975567779,-1.1256114951892935,0.8887031469499004,1.4846675919450634,1
3,1,9,16,0,0,0,1,1.2569520212972067,1.2815693037966367,0.3785826571978769,-1.552252485713761,1.4846675919450634,1
2,1,5,13,0,2,1,3,0.7388429658765308,0.7540074019865686,0.11923883782077893,0.5223553669052369,-1.0074645321237332,0
2,1,6,7,0,5,1,2,0.7388429658765308,0.5781534347165458,1.3640891708308511,0.03416424037250481,0.48781474231754474,0
1,1,1,10,0,5,1,3,-0.090131522796551,-0.03762563879333582,1.9346455734604673,-0.20952245260363286,0.48781474231754474,0
3,0,8,9,0,6,0,2,1.0497083991289362,1.1057153365266141,1.1047453514537524,1.8650854000153652,0.986241167131304,1
2,1,5,1,0,2,1,2,0.11711209937171958,0.13822832847668692,-0.1919737454317394,0.2786686739290992,-1.0074645321237332,0
1,1,2,22,0,6,0,1,-0.5046187671330916,-0.3893335733333813,-1.1774802590647129,2.1095898335719596,0.986241167131304,1
1,1,1,20,0,5,1,1,-1.3335932558061734,-1.3568205813833087,-1.1256114951892935,-0.20952245260363286,0.48781474231754474,0
3,1,6,18,0,1,1,1,1.360573832381342,1.1057153365266141,-1.8517741894451687,2.1095898335719596,-1.5058909569374925,0
2,1,3,21,0,6,0,2,-0.5046187671330916,-0.3893335733333813,0.43045142107329665,1.1332075805064954,0.986241167131304,1
2,1,6,17,0,0,0,1,1.0497083991289362,0.9298613692565912,-1.488692842317231,0.5223553669052369,1.4846675919450634,1
4,0,12,1,0,5,1,1,-1.3335932558061734,-1.0927494424134727,0.11923883782077893,-1.552252485713761,0.48781474231754474,0
3,1,6,4,0,5,1,1,1.0497083991289362,1.0174981648268007,0.11923883782077893,-0.20952245260363286,0.48781474231754474,0
1,0,3,10,0,1,1,1,-1.3335932558061734,-1.5326745486533315,-0.14010498155631967,0.8887031469499004,-1.5058909569374925,0
1,1,12,21,0,0,0,1,-1.3335932558061734,-1.0927494424134727,0.3785826571978769,-1.552252485713761,1.4846675919450634,1
4,1,11,12,0,1,1,1,-0.7118623893013623,-0.8292586795732405,-1.021873967438454,1.1332075805064954,-1.5058909569374925,0
3,1,9,15,0,2,1,1,1.0497083991289362,0.9298613692565912,-1.7999054255697489,-0.6977135791363653,-1.0074645321237332,0
3,1,7,21,0,1,1,1,1.360573832381342,1.3692060993668462,-0.036367453805480225,0.03416424037250481,-1.5058909569374925,0
4,0,11,13,0,0,0,1,0.2207339104558549,0.22644550017650028,-0.14010498155631967,0.03416424037250481,1.4846675919450634,1
4,0,11,15,0,4,1,1,0.11711209937171958,0.13822832847668692,-0.5550550925596769,-0.20952245260363286,-0.010611682496214593,0
1,1,1,1,0,0,0,1,-1.0227278225537677,-1.180966614113286,-1.7999054255697489,1.376894273482633,1.4846675919450634,1
1,0,1,13,0,5,1,1,-1.5408368779744437,-1.8843824831933773,-2.162986772697687,3.207815433125493,0.48781474231754474,0
1,0,1,3,0,0,0,2,-0.19375333388068602,-0.1258428104931492,1.623432990207949,0.03416424037250481,1.4846675919450634,1
2,0,5,9,0,6,0,2,0.11711209937171958,0.13822832847668692,1.623432990207949,-0.8195569256244342,0.986241167131304,1
3,0,8,3,0,5,1,1,0.5315993437082602,0.40229946744652306,1.3122204069554313,-0.6977135791363653,0.48781474231754474,0
3,1,8,13,0,5,1,1,1.9823046988861532,1.633277238336683,-1.8517741894451687,1.1332075805064954,0.48781474231754474,0
3,1,8,0,0,5,1,1,1.0497083991289362,1.0174981648268007,0.11923883782077893,-0.8195569256244342,0.48781474231754474,0
1,0,2,0,0,0,0,1,-1.229971444722038,-1.2686034096834955,0.3785826571978769,0.03416424037250481,1.4846675919450634,1
1,1,12,19,0,5,1,1,-1.1263496336379029,-1.2686034096834955,-0.9181364396876146,0.8887031469499004,0.48781474231754474,0
3,1,9,8,1,1,0,2,1.0497083991289362,1.1057153365266141,1.1047453514537524,-0.6977135791363653,-1.5058909569374925,0
1,1,2,17,0,1,1,1,-0.5046187671330916,-0.3893335733333813,-1.021873967438454,0.5223553669052369,-1.5058909569374925,0
3,1,8,15,0,6,0,1,1.360573832381342,1.1057153365266141,-1.3330865506909721,0.2786686739290992,0.986241167131304,1
1,1,2,6,0,4,1,3,-0.7118623893013623,-0.565187540603404,1.4159579347062707,-1.552252485713761,-0.010611682496214593,0
2,0,5,2,0,6,0,1,0.11711209937171958,0.13822832847668692,0.48232018494871637,-0.6977135791363653,0.986241167131304,1
1,0,2,10,0,0,0,2,-1.229971444722038,-1.2686034096834955,-1.1256114951892935,0.03416424037250481,1.4846675919450634,1
4,0,10,12,0,5,1,1,0.013490288287584293,0.050011156776873573,-0.9181364396876146,0.8887031469499004,0.48781474231754474,0
2,0,4,23,0,4,1,1,0.2207339104558549,0.22644550017650028,-1.2293490229401327,-0.8195569256244342,-0.010611682496214593,0
4,1,10,3,0,6,0,1,-0.40099695604895663,-0.30169677776317194,0.741664004325815,-0.4540268861602275,0.986241167131304,1
1,1,1,17,0,5,1,1,-0.19375333388068602,-0.1258428104931492,-1.3849553145663918,0.2786686739290992,0.48781474231754474,0
4,0,11,10,0,3,1,3,-0.19375333388068602,-0.1258428104931492,1.623432990207949,-1.552252485713761,-0.5090381073099739,0
1,1,2,16,0,5,1,1,-0.40099695604895663,-0.30169677776317194,-1.5924303700680704,0.8887031469499004,0.48781474231754474,0
1,0,12,18,0,4,1,2,-0.2973751449648213,-0.21347960606335856,-0.036367453805480225,-0.8195569256244342,-0.010611682496214593,0
4,1,12,11,0,6,0,2,-0.9191060114696326,-0.8292586795732405,0.6897952404503953,-0.6977135791363653,0.986241167131304,1
2,1,6,0,0,2,1,2,0.5315993437082602,0.5781534347165458,0.7935327682012348,-0.20952245260363286,-1.0074645321237332,0
2,1,4,11,0,6,0,2,-0.6082405782172269,-0.477550745033195,-1.1774802590647129,-0.6977135791363653,0.986241167131304,1
1,0,2,8,0,3,1,1,-1.8517023112268494,-1.8843824831933773,-0.4513175648088374,-0.20952245260363286,-0.5090381073099739,0
1,0,1,21,0,4,1,2,-1.4372150668903083,-1.5326745486533315,-0.39944880093341767,0.2786686739290992,-0.010611682496214593,0
1,1,2,11,0,6,0,1,-1.0227278225537677,-0.8292586795732405,0.3785826571978769,-1.552252485713761,0.986241167131304,1
4,1,10,16,0,6,0,2,0.3243557215399902,0.3140822957467097,0.06737007394535921,0.7668598004618318,0.986241167131304,1
3,0,6,7,0,5,1,2,0.8424647769606661,0.7540074019865686,1.0528765875783328,0.2786686739290992,0.48781474231754474,0
1,0,12,17,0,4,1,2,-0.2973751449648213,-0.21347960606335856,0.22297636557161837,-0.20952245260363286,-0.010611682496214593,0
3,0,8,6,0,2,1,1,0.2207339104558549,0.22644550017650028,-0.14010498155631967,0.03416424037250481,-1.0074645321237332,0
1,0,1,15,0,2,1,1,-1.1263496336379029,-1.180966614113286,-0.5550550925596769,0.5223553669052369,-1.0074645321237332,0
3,1,8,20,0,3,1,1,1.2569520212972067,1.2815693037966367,0.17110760169619865,0.03416424037250481,-0.5090381073099739,0
1,0,2,2,0,5,1,1,-2.0589459333951194,-1.9720192787635866,-0.4513175648088374,-0.8195569256244342,0.48781474231754474,0
1,1,1,13,1,1,0,2,-1.3335932558061734,-1.6203113442235408,-1.1256114951892935,1.8650854000153652,-1.5058909569374925,0
3,1,7,3,0,4,1,1,1.1533302102130714,1.1933521320968234,0.3785826571978769,-0.6977135791363653,-0.010611682496214593,0
4,1,11,6,0,1,1,2,-1.0227278225537677,-1.0927494424134727,-0.710661384185936,0.7668598004618318,-1.5058909569374925,0
1,1,1,1,0,2,1,2,-0.9191060114696326,-1.0051126468432632,1.57156422633253,0.5223553669052369,-1.0074645321237332,0
2,0,4,21,0,5,1,1,-0.9191060114696326,-0.8292586795732405,-0.5031863286842572,-0.4540268861602275,0.48781474231754474,0
1,0,3,13,0,4,1,1,-1.4372150668903083,-1.2686034096834955,-1.9555117171960081,-0.8195569256244342,-0.010611682496214593,0
2,1,5,6,0,4,1,2,0.5315993437082602,0.40229946744652306,1.3122204069554313,-0.20952245260363286,-0.010611682496214593,0
2,1,6,14,0,2,1,3,0.7388429658765308,0.5781534347165458,1.3640891708308511,0.5223553669052369,-1.0074645321237332,0
2,0,3,12,0,1,1,2,-1.229971444722038,-1.180966614113286,-1.9555117171960081,-1.552252485713761,-1.5058909569374925,0
4,1,11,21,0,5,1,1,-0.19375333388068602,-0.1258428104931492,-0.8143989119367755,0.5223553669052369,0.48781474231754474,0
4,0,10,6,0,5,1,3,0.3243557215399902,0.3140822957467097,1.3122204069554313,0.03416424037250481,0.48781474231754474,0
4,1,11,23,0,3,1,1,-1.3335932558061734,-1.3568205813833087,0.3785826571978769,-0.4540268861602275,-0.5090381073099739,0
4,0,11,7,0,1,1,2,-1.1263496336379029,-0.9168954751434499,1.57156422633253,-1.552252485713761,-1.5058909569374925,0
2,1,5,0,1,1,0,1,0.6352211547923955,0.5781534347165458,1.0528765875783328,0.2786686739290992,-1.5058909569374925,0
3,0,8,7,0,3,1,1,1.0497083991289362,1.0174981648268007,-0.24384250930715912,-0.8195569256244342,-0.5090381073099739,0
3,0,9,7,0,4,1,1,0.5315993437082602,0.5781534347165458,0.7935327682012348,-1.552252485713761,-0.010611682496214593,0
2,0,6,18,0,2,1,1,0.6352211547923955,0.8416441975567779,-0.6069238564350966,1.1332075805064954,-1.0074645321237332,0
2,0,5,12,0,0,0,2,-0.090131522796551,-0.03762563879333582,0.741664004325815,-0.6977135791363653,1.4846675919450634,1
4,1,11,2,0,1,1,2,-0.7118623893013623,-0.8292586795732405,0.17110760169619865,0.5223553669052369,-1.5058909569374925,0
4,1,11,6,0,3,1,2,-1.229971444722038,-1.2686034096834955,0.11923883782077893,0.2786686739290992,-0.5090381073099739,0
2,0,6,12,0,4,1,1,1.1533302102130714,1.1057153365266141,-0.4513175648088374,1.6213987070392275,-0.010611682496214593,0
4,0,10,0,0,6,0,1,0.013490288287584293,0.050011156776873573,0.01550131006993949,1.6213987070392275,0.986241167131304,1
1,1,1,22,0,2,1,1,-0.2973751449648213,-0.21347960606335856,-1.4368240784418116,0.8887031469499004,-1.0074645321237332,0
4,1,11,4,0,4,1,1,-1.5408368779744437,-1.444457376953518,0.6379264765749756,-0.8195569256244342,-0.010611682496214593,0
2,1,6,12,0,2,1,3,0.8424647769606661,0.7540074019865686,1.0528765875783328,0.5223553669052369,-1.0074645321237332,0
3,0,9,8,0,5,1,3,0.6352211547923955,0.40229946744652306,1.623432990207949,-0.20952245260363286,0.48781474231754474,0
3,1,8,18,0,3,1,3,1.360573832381342,1.3692060993668462,-0.036367453805480225,0.2786686739290992,-0.5090381073099739,0
4,0,10,3,0,4,1,2,0.2207339104558549,0.22644550017650028,1.9346455734604673,0.03416424037250481,-0.010611682496214593,0
3,1,7,12,0,4,1,1,1.7750610767178827,1.8091312056067057,-0.710661384185936,0.7668598004618318,-0.010611682496214593,0
4,0,11,12,0,6,0,1,-0.7118623893013623,-0.7410415078734272,-0.8662676758121949,-0.20952245260363286,0.986241167131304,1
4,0,11,19,0,6,0,2,-0.8154842003854972,-0.8292586795732405,0.43045142107329665,-0.4540268861602275,0.986241167131304,1
3,1,9,9,1,1,0,2,1.0497083991289362,1.1057153365266141,1.1047453514537524,-0.4540268861602275,-1.5058909569374925,0
3,0,6,18,0,5,1,1,1.360573832381342,1.1057153365266141,-1.3330865506909721,0.8887031469499004,0.48781474231754474,0
2,0,6,1,0,2,1,1,0.5315993437082602,0.8416441975567779,-0.710661384185936,0.5223553669052369,-1.0074645321237332,0
3,0,9,18,0,5,1,2,0.9460865880448014,0.9298613692565912,0.11923883782077893,0.03416424037250481,0.48781474231754474,0
1,1,12,4,0,6,0,1,-1.229971444722038,-1.2686034096834955,-0.7625301480613558,0.03416424037250481,0.986241167131304,1
2,1,3,17,0,2,1,1,-0.2973751449648213,-0.21347960606335856,-2.422330592074785,-1.552252485713761,-1.0074645321237332,0
1,1,12,16,0,5,1,1,-1.0227278225537677,-1.0051126468432632,-0.710661384185936,-0.4540268861602275,0.48781474231754474,0
3,0,7,16,0,2,1,1,1.8786828878020179,1.633277238336683,-1.3849553145663918,0.7668598004618318,-1.0074645321237332,0
1,1,3,8,0,4,1,1,-0.40099695604895663,-0.30169677776317194,1.623432990207949,-0.4540268861602275,-0.010611682496214593,0
4,0,11,6,0,2,1,1,0.11711209937171958,0.13822832847668692,1.0528765875783328,0.7668598004618318,-1.0074645321237332,0
3,0,7,13,0,5,1,1,2.2931701321385587,2.9518918047970515,-0.6069238564350966,-0.20952245260363286,0.48781474231754474,0
1,0,3,10,0,3,1,2,-0.7118623893013623,-0.7410415078734272,0.9491390598274939,-0.20952245260363286,-0.5090381073099739,0
1,1,3,5,0,1,1,1,-0.8154842003854972,-0.8292586795732405,-0.08823621768089995,0.03416424037250481,-1.5058909569374925,0
4,1,10,22,0,1,1,3,0.2207339104558549,0.22644550017650028,0.741664004325815,-0.8195569256244342,-1.5058909569374925,0
4,1,10,15,0,4,1,2,0.5315993437082602,0.7540074019865686,-0.14010498155631967,0.03416424037250481,-0.010611682496214593,0
2,0,6,23,0,3,1,1,1.360573832381342,1.545060066636869,0.6379264765749756,0.03416424037250481,-0.5090381073099739,0
1,1,12,15,0,5,1,2,-1.0227278225537677,-1.180966614113286,-1.0737427313138737,1.6213987070392275,0.48781474231754474,0
4,1,11,1,0,4,1,2,-1.229971444722038,-1.180966614113286,0.11923883782077893,-0.6977135791363653,-0.010611682496214593,0
3,0,8,4,0,5,1,1,0.7388429658765308,0.6657902302867552,0.7935327682012348,-0.4540268861602275,0.48781474231754474,0
3,1,7,4,0,2,1,1,0.9460865880448014,0.9298613692565912,0.11923883782077893,-0.6977135791363653,-1.0074645321237332,0
3,0,7,9,0,4,1,1,1.4641956434654773,1.545060066636869,-0.1919737454317394,0.03416424037250481,-0.010611682496214593,0
4,0,12,0,0,0,0,1,-1.5408368779744437,-1.6203113442235408,-0.6069238564350966,0.2786686739290992,1.4846675919450634,1
3,1,8,23,0,1,1,1,1.0497083991289362,1.0174981648268007,0.3785826571978769,0.2786686739290992,-1.5058909569374925,0
2,1,4,17,0,5,1,1,0.11711209937171958,0.13822832847668692,-2.0592492449468476,1.8650854000153652,0.48781474231754474,0
1,1,1,15,0,2,1,2,-0.5046187671330916,-0.3893335733333813,0.43045142107329665,-0.20952245260363286,-1.0074645321237332,0
2,0,4,14,0,6,0,1,0.4279775326241249,0.40229946744652306,0.7935327682012348,1.376894273482633,0.986241167131304,1
3,0,7,4,0,6,0,1,0.5315993437082602,0.6657902302867552,0.5341889488241361,-0.8195569256244342,0.986241167131304,1
3,0,7,16,0,3,1,2,0.8424647769606661,0.6657902302867552,1.3640891708308511,-1.552252485713761,-0.5090381073099739,0
2,1,5,5,0,4,1,1,0.3243557215399902,0.3140822957467097,0.2748451294470381,1.1332075805064954,-0.010611682496214593,0
4,1,11,12,0,4,1,1,-0.7118623893013623,-0.7410415078734272,-1.1774802590647129,-0.20952245260363286,-0.010611682496214593,0
2,0,4,16,0,4,1,1,0.5315993437082602,0.8416441975567779,-1.4368240784418116,-1.552252485713761,-0.010611682496214593,0
4,0,10,1,0,1,1,1,0.3243557215399902,0.3140822957467097,-0.4513175648088374,1.6213987070392275,-1.5058909569374925,0
4,0,11,17,0,6,0,1,-0.6082405782172269,-0.477550745033195,-1.1774802590647129,-0.20952245260363286,0.986241167131304,1
1,0,2,22,0,2,1,1,-1.9553241223109845,-2.1478732460336096,-1.5405616061926506,1.376894273482633,-1.0074645321237332,0
4,1,11,3,0,2,1,3,-0.9191060114696326,-0.8292586795732405,0.3785826571978769,-0.4540268861602275,-1.0074645321237332,0
2,1,5,5,0,3,1,3,0.3243557215399902,0.3140822957467097,1.3122204069554313,0.5223553669052369,-0.5090381073099739,0
4,0,12,19,0,5,1,1,-0.8154842003854972,-0.6534047123032177,-0.08823621768089995,-1.552252485713761,0.48781474231754474,0
2,1,4,14,0,6,0,1,0.013490288287584293,0.050011156776873573,-2.111118008822267,0.8887031469499004,0.986241167131304,1
2,0,4,17,0,1,1,1,1.2569520212972067,1.1057153365266141,-0.7625301480613558,2.7196243065927606,-1.5058909569374925,0
1,0,1,20,0,3,1,1,-1.7480805001427142,-1.9720192787635866,-0.6587926203105163,1.1332075805064954,-0.5090381073099739,0
2,0,5,19,0,2,1,1,0.5315993437082602,0.8416441975567779,-1.021873967438454,0.2786686739290992,-1.0074645321237332,0
4,0,9,1,0,6,0,2,0.4279775326241249,0.40229946744652306,1.623432990207949,-0.8195569256244342,0.986241167131304,1
4,1,10,18,0,2,1,2,0.013490288287584293,0.050011156776873573,0.48232018494871637,0.2786686739290992,-1.0074645321237332,0
3,1,7,22,0,4,1,3,0.8424647769606661,0.6657902302867552,1.3640891708308511,0.5223553669052369,-0.010611682496214593,0
3,0,9,1,0,4,1,3,0.6352211547923955,0.40229946744652306,1.623432990207949,-0.6977135791363653,-0.010611682496214593,0
1,0,2,9,0,3,1,1,-1.3335932558061734,-1.5326745486533315,-0.5550550925596769,0.7668598004618318,-0.5090381073099739,0
1,1,1,3,0,4,1,2,-1.1263496336379029,-1.0051126468432632,0.6379264765749756,-0.8195569256244342,-0.010611682496214593,0
4,0,12,7,0,6,0,2,-1.229971444722038,-1.2686034096834955,-0.34758003705799795,0.2786686739290992,0.986241167131304,1
1,1,2,17,0,2,1,1,-0.6082405782172269,-0.477550745033195,-1.1774802590647129,2.1095898335719596,-1.0074645321237332,0
4,1,12,22,0,4,1,1,-1.229971444722038,-1.0927494424134727,-0.14010498155631967,-0.8195569256244342,-0.010611682496214593,0
1,0,1,2,0,3,1,1,-1.8517023112268494,-1.8843824831933773,1.2084828792045919,-0.4540268861602275,-0.5090381073099739,0
1,1,1,14,0,2,1,1,0.013490288287584293,0.050011156776873573,-1.7480366616943295,1.1332075805064954,-1.0074645321237332,0
3,0,9,18,0,4,1,1,1.1533302102130714,1.1057153365266141,-0.4513175648088374,0.2786686739290992,-0.010611682496214593,0
1,0,2,13,0,6,0,3,-1.4372150668903083,-1.444457376953518,1.9346455734604673,-0.20952245260363286,0.986241167131304,1
1,1,3,20,0,0,0,1,0.11711209937171958,0.13822832847668692,0.741664004325815,-0.4540268861602275,1.4846675919450634,1
1,1,1,14,0,1,1,1,-0.9191060114696326,-0.8292586795732405,-2.007380481071428,-0.4540268861602275,-1.5058909569374925,0
1,1,1,5,0,0,0,1,-1.5408368779744437,-1.5326745486533315,-0.6069238564350966,-0.4540268861602275,1.4846675919450634,1
2,0,5,16,0,0,0,2,0.013490288287584293,0.050011156776873573,0.48232018494871637,0.03416424037250481,1.4846675919450634,1
4,1,10,5,0,2,1,2,-0.6082405782172269,-0.477550745033195,1.001007823702913,0.03416424037250481,-1.0074645321237332,0
1,1,2,7,0,0,0,1,-2.162567744479255,-2.236090417733423,-0.5031863286842572,0.03416424037250481,1.4846675919450634,1
2,1,5,16,0,5,1,1,1.4641956434654773,1.3692060993668462,-0.5550550925596769,0.2786686739290992,0.48781474231754474,0
1,1,3,10,0,1,1,2,-1.3335932558061734,-1.2686034096834955,-0.14010498155631967,-1.552252485713761,-1.5058909569374925,0
3,1,9,0,0,6,0,1,0.5315993437082602,0.48993626301673243,1.0528765875783328,-0.6977135791363653,0.986241167131304,1
2,0,5,7,0,6,0,1,-0.090131522796551,-0.03762563879333582,-0.1919737454317394,-1.552252485713761,0.986241167131304,1
4,0,11,21,0,6,0,2,-0.6082405782172269,-0.477550745033195,1.001007823702913,-1.552252485713761,0.986241167131304,1
2,0,5,23,0,0,0,1,0.8424647769606661,0.6657902302867552,1.3640891708308511,-0.20952245260363286,1.4846675919450634,1
3,1,9,4,0,3,1,2,0.11711209937171958,0.13822832847668692,0.2748451294470381,1.376894273482633,-0.5090381073099739,0
4,0,11,1,0,1,1,1,-0.19375333388068602,-0.1258428104931492,0.741664004325815,0.8887031469499004,-1.5058909569374925,0
3,1,7,2,0,6,0,2,1.0497083991289362,1.0174981648268007,-0.4513175648088374,-0.6977135791363653,0.986241167131304,1
1,0,2,5,0,3,1,1,-1.5408368779744437,-1.6203113442235408,-0.8143989119367755,0.03416424037250481,-0.5090381073099739,0
2,0,6,23,0,4,1,2,1.2569520212972067,1.2815693037966367,-0.29571127318257884,-0.20952245260363286,-0.010611682496214593,0
1,1,1,0,0,3,1,1,-1.229971444722038,-1.0051126468432632,0.9491390598274939,-1.552252485713761,-0.5090381073099739,0
4,1,10,10,0,6,0,1,0.6352211547923955,0.7540074019865686,0.3267138933224572,0.7668598004618318,0.986241167131304,1
3,1,7,1,0,2,1,1,1.1533302102130714,1.1057153365266141,-0.24384250930715912,-1.552252485713761,-1.0074645321237332,0
2,1,5,16,0,1,1,2,0.7388429658765308,0.7540074019865686,0.5341889488241361,0.5223553669052369,-1.5058909569374925,0
3,1,9,16,0,5,1,1,1.0497083991289362,1.0174981648268007,-0.4513175648088374,0.03416424037250481,0.48781474231754474,0
4,1,10,3,0,4,1,2,0.6352211547923955,0.48993626301673243,1.3122204069554313,-1.552252485713761,-0.010611682496214593,0
4,1,12,7,0,0,0,3,-0.5046187671330916,-0.3893335733333813,1.2603516430800117,0.2786686739290992,1.4846675919450634,1
2,0,3,3,0,4,1,2,-1.1263496336379029,-1.180966614113286,1.9346455734604673,0.03416424037250481,-0.010611682496214593,0
4,0,10,14,0,0,0,1,0.9460865880448014,0.9298613692565912,-0.8143989119367755,-0.20952245260363286,1.4846675919450634,1
3,1,9,7,0,6,0,1,0.2207339104558549,0.22644550017650028,-0.5550550925596769,0.7668598004618318,0.986241167131304,1
2,1,3,20,0,4,1,1,-0.19375333388068602,-0.1258428104931492,-1.2812177868155523,0.8887031469499004,-0.010611682496214593,0
4,0,11,21,0,2,1,2,-0.6082405782172269,-0.477550745033195,1.2603516430800117,0.5223553669052369,-1.0074645321237332,0
4,1,10,18,0,3,1,1,1.0497083991289362,1.0174981648268007,0.11923883782077893,-1.552252485713761,-0.5090381073099739,0
1,0,2,18,1,1,0,2,-1.3335932558061734,-1.5326745486533315,1.2603516430800117,1.376894273482633,-1.5058909569374925,0
4,0,9,3,0,5,1,2,0.5315993437082602,0.13822832847668692,1.9346455734604673,-1.552252485713761,0.48781474231754474,0
2,0,6,7,0,1,1,1,0.6352211547923955,0.6657902302867552,0.7935327682012348,-0.6977135791363653,-1.5058909569374925,0
2,1,4,0,0,5,1,1,-0.090131522796551,-0.03762563879333582,0.22297636557161837,-0.6977135791363653,0.48781474231754474,0
3,0,8,2,0,6,0,1,0.8424647769606661,0.7540074019865686,0.7935327682012348,0.2786686739290992,0.986241167131304,1
1,1,2,10,0,5,1,3,-0.7118623893013623,-0.7410415078734272,0.9491390598274939,-0.20952245260363286,0.48781474231754474,0
1,1,2,8,0,6,0,1,-1.4372150668903083,-1.180966614113286,1.2603516430800117,-1.552252485713761,0.986241167131304,1
4,1,11,19,0,2,1,1,-0.9191060114696326,-1.0927494424134727,-0.710661384185936,1.376894273482633,-1.0074645321237332,0
4,0,11,22,0,6,0,1,-1.0227278225537677,-0.8292586795732405,0.11923883782077893,-1.552252485713761,0.986241167131304,1
2,1,4,12,0,5,1,1,-0.19375333388068602,-0.1258428104931492,-1.3849553145663918,1.376894273482633,0.48781474231754474,0
2,0,6,0,0,1,1,1,0.8424647769606661,0.7540074019865686,1.0528765875783328,-0.20952245260363286,-1.5058909569374925,0
2,0,6,14,0,6,0,1,1.6714392656337473,1.7209140339068922,-0.710661384185936,-0.6977135791363653,0.986241167131304,1
4,0,10,21,0,4,1,1,-0.2973751449648213,-0.21347960606335856,-0.6069238564350966,0.8887031469499004,-0.010611682496214593,0
1,0,1,14,0,0,0,1,-1.4372150668903083,-1.7085285159233545,-1.5924303700680704,2.2314331800600287,1.4846675919450634,1
3,0,9,14,0,2,1,2,0.4279775326241249,0.40229946744652306,1.3122204069554313,0.03416424037250481,-1.0074645321237332,0
1,0,1,7,0,2,1,1,-1.7480805001427142,-1.8843824831933773,0.5860577126995559,0.2786686739290992,-1.0074645321237332,0
2,1,6,14,0,3,1,1,1.9823046988861532,1.896768001176915,-1.2293490229401327,0.03416424037250481,-0.5090381073099739,0
2,1,3,18,0,4,1,1,0.8424647769606661,0.8416441975567779,0.11923883782077893,-0.20952245260363286,-0.010611682496214593,0
1,0,1,21,0,6,0,2,-0.9191060114696326,-1.0051126468432632,-1.2293490229401327,0.2786686739290992,0.986241167131304,1
1,1,12,10,0,1,1,2,-1.229971444722038,-1.0051126468432632,0.11923883782077893,-1.552252485713761,-1.5058909569374925,0
3,0,9,7,0,1,1,2,0.013490288287584293,0.050011156776873573,1.001007823702913,0.2786686739290992,-1.5058909569374925,0
4,0,11,16,0,2,1,1,0.3243557215399902,0.3140822957467097,-0.8662676758121949,-0.4540268861602275,-1.0074645321237332,0
2,1,5,21,0,1,1,2,0.4279775326241249,0.40229946744652306,1.0528765875783328,-0.8195569256244342,-1.5058909569374925,0
4,0,12,18,0,6,0,1,-1.229971444722038,-1.2686034096834955,-1.2812177868155523,0.2786686739290992,0.986241167131304,1
2,0,4,1,0,5,1,2,-0.8154842003854972,-0.8292586795732405,0.6897952404503953,-0.4540268861602275,0.48781474231754474,0
4,0,10,13,0,3,1,2,0.2207339104558549,0.22644550017650028,1.623432990207949,0.7668598004618318,-0.5090381073099739,0
2,0,5,23,0,1,1,1,0.3243557215399902,0.3140822957467097,1.3122204069554313,-0.8195569256244342,-1.5058909569374925,0
1,0,3,12,0,5,1,2,0.3243557215399902,0.3140822957467097,-0.710661384185936,1.376894273482633,0.48781474231754474,0
2,0,4,14,0,1,1,1,1.1533302102130714,1.1057153365266141,-0.4513175648088374,0.2786686739290992,-1.5058909569374925,0
3,1,6,14,0,4,1,1,1.8786828878020179,1.4574232710666595,-1.9555117171960081,1.1332075805064954,-0.010611682496214593,0
2,0,4,15,0,1,1,1,1.360573832381342,1.1057153365266141,-2.0592492449468476,2.9633109995688987,-1.5058909569374925,0
2,0,5,1,0,1,1,1,0.3243557215399902,0.3140822957467097,1.3122204069554313,-0.6977135791363653,-1.5058909569374925,0
2,1,4,9,0,1,1,1,-0.19375333388068602,-0.1258428104931492,-1.64429913394349,1.376894273482633,-1.5058909569374925,0
2,1,6,16,0,5,1,1,1.360573832381342,1.1057153365266141,-1.7480366616943295,0.8887031469499004,0.48781474231754474,0
4,1,10,1,0,3,1,2,0.6352211547923955,0.40229946744652306,1.623432990207949,-1.552252485713761,-0.5090381073099739,0
4,1,10,18,0,4,1,1,0.8424647769606661,0.8416441975567779,-0.29571127318257884,-0.6977135791363653,-0.010611682496214593,0
4,1,11,5,0,6,0,1,-1.229971444722038,-1.444457376953518,-1.1256114951892935,1.1332075805064954,0.986241167131304,1
3,1,7,16,0,5,1,2,0.9460865880448014,0.9298613692565912,1.0528765875783328,1.1332075805064954,0.48781474231754474,0
1,1,12,1,0,6,0,1,-1.229971444722038,-1.5326745486533315,-0.9700052035630343,2.1095898335719596,0.986241167131304,1
1,1,2,14,0,2,1,1,-0.2973751449648213,-0.21347960606335856,-1.2812177868155523,0.5223553669052369,-1.0074645321237332,0
3,0,9,23,0,3,1,2,0.7388429658765308,0.7540074019865686,0.3267138933224572,-0.6977135791363653,-0.5090381073099739,0
3,0,9,7,0,0,0,1,-0.19375333388068602,-0.1258428104931492,0.48232018494871637,0.2786686739290992,1.4846675919450634,1
2,0,4,3,0,0,0,1,-0.5046187671330916,-0.3893335733333813,0.17110760169619865,-0.4540268861602275,1.4846675919450634,1
1,0,1,9,0,1,1,2,-1.8517023112268494,-2.0602364504634,-0.6587926203105163,0.5223553669052369,-1.5058909569374925,0
4,0,12,16,0,2,1,3,-0.19375333388068602,-0.1258428104931492,1.9346455734604673,0.5223553669052369,-1.0074645321237332,0
3,0,8,8,0,6,0,2,1.0497083991289362,1.0174981648268007,0.11923883782077893,-0.20952245260363286,0.986241167131304,1
1,0,1,12,0,0,0,1,-1.3335932558061734,-1.5326745486533315,-1.1256114951892935,0.7668598004618318,1.4846675919450634,1
2,1,4,22,0,2,1,1,0.2207339104558549,0.22644550017650028,-1.6961678978189099,0.5223553669052369,-1.0074645321237332,0
2,1,5,7,0,0,0,1,0.6352211547923955,0.48993626301673243,1.3122204069554313,-0.20952245260363286,1.4846675919450634,1
3,0,7,18,0,3,1,1,1.7750610767178827,2.072621968446938,-0.1919737454317394,0.2786686739290992,-0.5090381073099739,0
3,1,6,23,0,4,1,1,1.2569520212972067,1.1057153365266141,-0.7625301480613558,-0.4540268861602275,-0.010611682496214593,0
4,1,10,18,0,3,1,1,0.11711209937171958,0.13822832847668692,-0.1919737454317394,-0.20952245260363286,-0.5090381073099739,0
3,0,8,10,0,4,1,1,1.1533302102130714,1.1057153365266141,0.43045142107329665,0.8887031469499004,-0.010611682496214593,0
1,1,2,8,0,2,1,2,-1.3335932558061734,-1.0927494424134727,0.3785826571978769,-1.552252485713761,-1.0074645321237332,0
3,1,8,0,0,6,0,1,1.2569520212972067,1.3692060993668462,0.8454015320766545,-0.20952245260363286,0.986241167131304,1
4,0,10,23,0,5,1,3,-1.0227278225537677,-1.180966614113286,0.9491390598274939,1.1332075805064954,0.48781474231754474,0
2,0,5,16,0,6,0,2,1.1533302102130714,1.0174981648268007,-1.2293490229401327,0.5223553669052369,0.986241167131304,1
1,1,1,6,0,5,1,2,-0.40099695604895663,-0.30169677776317194,1.9346455734604673,1.1332075805064954,0.48781474231754474,0
3,0,7,16,0,5,1,3,2.0859265099702884,2.072621968446938,-1.2293490229401327,0.8887031469499004,0.48781474231754474,0
2,1,4,2,0,6,0,1,0.11711209937171958,0.13822832847668692,0.741664004325815,-0.4540268861602275,0.986241167131304,1
3,1,7,1,0,0,0,1,0.8424647769606661,0.7540074019865686,1.0528765875783328,-0.6977135791363653,1.4846675919450634,1
3,0,7,22,0,2,1,1,1.360573832381342,1.2815693037966367,-0.39944880093341767,-0.4540268861602275,-1.0074645321237332,0
4,1,10,15,1,1,0,3,-0.40099695604895663,-0.30169677776317194,-0.24384250930715912,0.03416424037250481,-1.5058909569374925,0
2,1,3,12,0,0,0,2,-0.5046187671330916,-0.3893335733333813,1.623432990207949,0.2786686739290992,1.4846675919450634,1
2,1,5,16,0,0,0,1,1.1533302102130714,1.0174981648268007,-1.0737427313138737,1.376894273482633,1.4846675919450634,1
3,1,7,6,0,4,1,1,1.1533302102130714,1.1933521320968234,0.17110760169619865,-0.4540268861602275,-0.010611682496214593,0
3,0,7,22,0,3,1,1,1.1533302102130714,1.1057153365266141,-0.7625301480613558,-1.552252485713761,-0.5090381073099739,0
4,1,11,7,0,5,1,1,-1.229971444722038,-1.180966614113286,0.11923883782077893,-0.4540268861602275,0.48781474231754474,0
2,0,5,23,0,0,0,1,-0.19375333388068602,-0.1258428104931492,1.3122204069554313,-0.8195569256244342,1.4846675919450634,1
1,0,12,8,0,5,1,1,-0.5046187671330916,-0.3893335733333813,0.6897952404503953,0.5223553669052369,0.48781474231754474,0
1,0,3,23,0,0,0,2,-1.4372150668903083,-1.6203113442235408,1.9346455734604673,1.8650854000153652,1.4846675919450634,1
1,1,1,6,0,2,1,1,-1.8517023112268494,-2.0602364504634,-0.1919737454317394,0.7668598004618318,-1.0074645321237332,0
1,1,1,19,0,2,1,1,-0.2973751449648213,-0.21347960606335856,-0.6069238564350966,-0.8195569256244342,-1.0074645321237332,0
3,0,7,21,0,1,1,1,1.2569520212972067,1.2815693037966367,0.17110760169619865,0.03416424037250481,-1.5058909569374925,0
3,0,6,9,0,3,1,1,1.1533302102130714,1.2815693037966367,0.8454015320766545,-0.20952245260363286,-0.5090381073099739,0
1,0,3,11,0,5,1,2,-0.9191060114696326,-1.0051126468432632,-0.29571127318257884,0.8887031469499004,0.48781474231754474,0
4,0,10,17,0,2,1,1,0.3243557215399902,0.3140822957467097,-1.3330865506909721,-0.6977135791363653,-1.0074645321237332,0
4,1,12,22,0,6,0,2,-0.6082405782172269,-0.477550745033195,1.623432990207949,-0.6977135791363653,0.986241167131304,1
3,0,7,14,0,0,0,1,2.0859265099702884,1.7209140339068922,-2.007380481071428,-0.20952245260363286,1.4846675919450634,1
2,1,4,3,0,3,1,1,-1.0227278225537677,-1.0927494424134727,-0.710661384185936,0.2786686739290992,-0.5090381073099739,0
1,0,3,15,0,2,1,1,-0.8154842003854972,-0.6534047123032177,-1.488692842317231,-1.552252485713761,-1.0074645321237332,0
3,0,8,5,0,2,1,1,0.6352211547923955,0.6657902302867552,0.5341889488241361,0.7668598004618318,-1.0074645321237332,0
1,0,2,7,0,2,1,2,-1.9553241223109845,-2.0602364504634,0.8972702959520742,0.7668598004618318,-1.0074645321237332,0
3,0,7,16,0,4,1,1,1.8786828878020179,1.896768001176915,-0.8143989119367755,-0.20952245260363286,-0.010611682496214593,0
2,1,4,3,0,6,0,1,-0.7118623893013623,-0.8292586795732405,-1.5924303700680704,0.5223553669052369,0.986241167131304,1
3,1,9,3,0,5,1,1,0.6352211547923955,0.5781534347165458,1.0528765875783328,-0.8195569256244342,0.48781474231754474,0
3,0,6,16,0,1,1,1,1.2569520212972067,1.1933521320968234,-0.39944880093341767,-0.6977135791363653,-1.5058909569374925,0
2,0,5,10,0,6,0,2,0.11711209937171958,0.13822832847668692,1.623432990207949,-0.20952245260363286,0.986241167131304,1
4,1,9,10,0,0,0,1,0.4279775326241249,0.40229946744652306,-0.8662676758121949,-0.20952245260363286,1.4846675919450634,1
3,0,7,2,0,2,1,1,0.9460865880448014,0.9298613692565912,1.3640891708308511,-0.6977135791363653,-1.0074645321237332,0
1,1,1,4,0,2,1,1,-1.7480805001427142,-1.8843824831933773,-0.39944880093341767,0.5223553669052369,-1.0074645321237332,0
2,1,6,1,0,5,1,1,0.7388429658765308,0.8416441975567779,-0.5031863286842572,0.2786686739290992,0.48781474231754474,0
4,0,9,2,0,5,1,2,0.5315993437082602,0.13822832847668692,1.9346455734604673,-0.6977135791363653,0.48781474231754474,0
2,0,6,2,0,1,1,1,0.4279775326241249,0.40229946744652306,1.3122204069554313,-0.6977135791363653,-1.5058909569374925,0
4,0,12,22,0,6,0,1,-1.5408368779744437,-1.5326745486533315,0.6379264765749756,-0.20952245260363286,0.986241167131304,1
1,0,2,12,0,0,0,1,-0.8154842003854972,-0.8292586795732405,-0.8662676758121949,-1.552252485713761,1.4846675919450634,1
1,1,2,16,0,2,1,1,-0.2973751449648213,-0.21347960606335856,-1.4368240784418116,0.5223553669052369,-1.0074645321237332,0
2,1,4,4,0,2,1,1,-1.0227278225537677,-1.0927494424134727,0.3785826571978769,0.03416424037250481,-1.0074645321237332,0
1,1,2,0,0,4,1,2,-1.3335932558061734,-1.3568205813833087,1.2603516430800117,-0.20952245260363286,-0.010611682496214593,0
3,1,6,19,0,1,1,1,1.2569520212972067,1.0174981648268007,-1.8517741894451687,2.2314331800600287,-1.5058909569374925,0
1,1,3,9,0,5,1,1,-1.0227278225537677,-0.8292586795732405,0.9491390598274939,-1.552252485713761,0.48781474231754474,0
1,1,2,16,0,5,1,2,-0.8154842003854972,-0.9168954751434499,-1.0737427313138737,0.5223553669052369,0.48781474231754474,0
2,1,5,2,0,6,0,1,0.7388429658765308,0.5781534347165458,1.3640891708308511,-0.4540268861602275,0.986241167131304,1
1,0,1,18,0,0,0,2,-0.7118623893013623,-0.8292586795732405,-0.8662676758121949,1.1332075805064954,1.4846675919450634,1
2,1,5,12,0,2,1,1,1.5678174545496126,1.633277238336683,-0.39944880093341767,1.1332075805064954,-1.0074645321237332,0
2,1,4,3,0,1,1,1,-0.5046187671330916,-0.3893335733333813,0.6897952404503953,-0.20952245260363286,-1.5058909569374925,0
3,0,8,23,0,2,1,1,0.6352211547923955,0.7540074019865686,-0.08823621768089995,-0.4540268861602275,-1.0074645321237332,0
4,0,11,11,0,1,1,2,0.2207339104558549,0.22644550017650028,-0.14010498155631967,0.7668598004618318,-1.5058909569374925,0
4,1,9,18,0,6,0,1,0.3243557215399902,0.3140822957467097,-0.8662676758121949,0.03416424037250481,0.986241167131304,1
4,1,11,8,0,3,1,1,-1.3335932558061734,-1.5326745486533315,-0.14010498155631967,0.7668598004618318,-0.5090381073099739,0
4,1,9,20,0,0,0,3,0.013490288287584293,0.050011156776873573,0.48232018494871637,-0.4540268861602275,1.4846675919450634,1
4,1,10,22,0,3,1,1,-0.7118623893013623,-0.7410415078734272,-0.29571127318257884,-0.4540268861602275,-0.5090381073099739,0
4,1,10,17,0,1,1,1,0.3243557215399902,0.3140822957467097,0.06737007394535921,0.5223553669052369,-1.5058909569374925,0
4,0,12,4,0,4,1,2,-1.3335932558061734,-1.6203113442235408,-0.14010498155631967,2.2314331800600287,-0.010611682496214593,0
4,1,12,16,0,1,1,3,-0.5046187671330916,-0.3893335733333813,1.623432990207949,0.5223553669052369,-1.5058909569374925,0
3,1,9,22,0,0,0,1,0.3243557215399902,0.3140822957467097,0.2748451294470381,-0.8195569256244342,1.4846675919450634,1
4,0,11,6,0,4,1,2,-0.7118623893013623,-0.7410415078734272,1.9346455734604673,-0.4540268861602275,-0.010611682496214593,0
2,0,6,0,0,3,1,1,0.8424647769606661,0.6657902302867552,1.3640891708308511,-0.4540268861602275,-0.5090381073099739,0
4,0,11,0,1,5,0,1,-0.8154842003854972,-0.9168954751434499,-0.5031863286842572,0.5223553669052369,0.48781474231754474,0
4,1,11,23,0,5,1,1,-0.8154842003854972,-1.0051126468432632,-0.5031863286842572,0.8887031469499004,0.48781474231754474,0
3,0,8,16,0,4,1,1,1.5678174545496126,1.4574232710666595,-0.8662676758121949,1.376894273482633,-0.010611682496214593,0
4,0,12,19,0,4,1,1,-0.8154842003854972,-0.7410415078734272,-0.8662676758121949,-0.6977135791363653,-0.010611682496214593,0
3,0,9,17,1,1,0,2,0.8424647769606661,0.6657902302867552,1.3640891708308511,-0.6977135791363653,-1.5058909569374925,0
3,1,9,3,0,4,1,1,-0.2973751449648213,-0.21347960606335856,0.741664004325815,-1.552252485713761,-0.010611682496214593,0
2,0,4,8,0,5,1,2,-0.8154842003854972,-0.9168954751434499,-0.5031863286842572,0.5223553669052369,0.48781474231754474,0
1,1,1,10,0,3,1,1,-1.0227278225537677,-1.180966614113286,-1.0737427313138737,2.2314331800600287,-0.5090381073099739,0
3,0,6,22,0,1,1,1,0.9460865880448014,0.9298613692565912,0.3267138933224572,-1.552252485713761,-1.5058909569374925,0
2,1,6,8,0,6,0,1,0.2207339104558549,0.22644550017650028,0.06737007394535921,-0.20952245260363286,0.986241167131304,1
2,0,6,10,0,2,1,1,0.6352211547923955,0.8416441975567779,-0.8662676758121949,0.2786686739290992,-1.0074645321237332,0
3,1,9,0,0,3,1,1,1.1533302102130714,1.2815693037966367,0.5860577126995559,0.5223553669052369,-0.5090381073099739,0
4,1,10,6,0,3,1,1,-0.090131522796551,-0.03762563879333582,1.001007823702913,-0.6977135791363653,-0.5090381073099739,0
3,1,7,8,0,2,1,1,1.2569520212972067,1.2815693037966367,0.3785826571978769,0.03416424037250481,-1.0074645321237332,0
2,0,4,11,0,5,1,2,-0.5046187671330916,-0.3893335733333813,-0.036367453805480225,1.6213987070392275,0.48781474231754474,0
1,0,2,10,0,5,1,3,-0.40099695604895663,-0.30169677776317194,1.623432990207949,1.1332075805064954,0.48781474231754474,0
1,1,3,5,0,0,0,2,-0.5046187671330916,-0.3893335733333813,1.623432990207949,-0.6977135791363653,1.4846675919450634,1
4,0,12,19,0,1,1,1,-1.1263496336379029,-1.0051126468432632,-0.08823621768089995,-0.8195569256244342,-1.5058909569374925,0
4,0,10,9,0,6,0,1,-0.40099695604895663,-0.30169677776317194,0.22297636557161837,-0.8195569256244342,0.986241167131304,1
2,1,4,9,0,1,1,2,-1.0227278225537677,-1.180966614113286,0.6379264765749756,1.6213987070392275,-1.5058909569374925,0
2,0,4,7,0,0,0,1,-0.9191060114696326,-1.0051126468432632,-0.29571127318257884,0.2786686739290992,1.4846675919450634,1
2,0,4,7,0,2,1,1,0.4279775326241249,0.40229946744652306,1.0528765875783328,0.8887031469499004,-1.0074645321237332,0
4,0,11,9,0,3,1,3,-0.19375333388068602,-0.1258428104931492,1.623432990207949,-1.552252485713761,-0.5090381073099739,0
2,1,4,20,0,4,1,1,-0.2973751449648213,-0.21347960606335856,-1.5405616061926506,0.5223553669052369,-0.010611682496214593,0
2,1,4,13,0,2,1,1,0.6352211547923955,0.8416441975567779,-1.7480366616943295,0.5223553669052369,-1.0074645321237332,0
3,1,8,1,0,0,0,1,0.7388429658765308,0.7540074019865686,0.11923883782077893,-1.552252485713761,1.4846675919450634,1
1,0,3,13,0,2,1,2,-0.6082405782172269,-0.477550745033195,-1.9555117171960081,-0.6977135791363653,-1.0074645321237332,0
2,0,6,9,0,1,1,2,0.5315993437082602,0.5781534347165458,0.7935327682012348,0.5223553669052369,-1.5058909569374925,0
4,1,11,23,0,6,0,2,-1.0227278225537677,-0.9168954751434499,0.3785826571978769,-0.6977135791363653,0.986241167131304,1
3,0,8,0,0,1,1,1,0.6352211547923955,0.6657902302867552,0.5341889488241361,-0.6977135791363653,-1.5058909569374925,0
3,0,9,4,0,4,1,1,0.5315993437082602,0.5781534347165458,0.7935327682012348,-0.6977135791363653,-0.010611682496214593,0
4,1,11,6,0,4,1,1,-1.4372150668903083,-1.180966614113286,0.3267138933224572,-1.552252485713761,-0.010611682496214593,0
4,0,11,10,0,1,1,2,0.013490288287584293,0.050011156776873573,0.01550131006993949,0.7668598004618318,-1.5058909569374925,0
4,1,9,4,0,4,1,1,0.3243557215399902,0.3140822957467097,1.623432990207949,-0.4540268861602275,-0.010611682496214593,0
3,0,9,1,0,2,1,2,0.2207339104558549,0.22644550017650028,1.3122204069554313,-0.20952245260363286,-1.0074645321237332,0
2,0,4,14,0,2,1,2,0.013490288287584293,0.050011156776873573,1.001007823702913,0.7668598004618318,-1.0074645321237332,0
1,1,3,7,0,0,0,1,-1.4372150668903083,-1.444457376953518,0.3267138933224572,-0.4540268861602275,1.4846675919450634,1
4,0,11,21,0,5,1,1,-0.7118623893013623,-0.565187540603404,0.43045142107329665,-1.552252485713761,0.48781474231754474,0
2,1,6,20,0,1,1,2,0.6352211547923955,0.6657902302867552,0.5341889488241361,-0.4540268861602275,-1.5058909569374925,0
3,1,7,6,0,0,0,1,1.0497083991289362,1.1057153365266141,0.8454015320766545,-0.8195569256244342,1.4846675919450634,1
4,0,12,7,0,6,0,1,-1.3335932558061734,-1.444457376953518,0.11923883782077893,0.03416424037250481,0.986241167131304,1
3,1,7,9,0,2,1,2,1.6714392656337473,1.7209140339068922,-0.710661384185936,0.2786686739290992,-1.0074645321237332,0
4,0,11,17,0,3,1,2,-0.8154842003854972,-1.0051126468432632,-0.710661384185936,1.1332075805064954,-0.5090381073099739,0
2,0,5,3,0,2,1,2,0.7388429658765308,0.48993626301673243,1.623432990207949,-1.552252485713761,-1.0074645321237332,0
4,1,12,17,0,0,0,2,-0.6082405782172269,-0.477550745033195,1.001007823702913,-0.6977135791363653,1.4846675919450634,1
2,0,6,23,0,5,1,1,1.1533302102130714,1.2815693037966367,0.5860577126995559,-0.20952245260363286,0.48781474231754474,0
2,1,4,22,0,1,1,2,-0.19375333388068602,-0.1258428104931492,-1.1256114951892935,2.4751198730361663,-1.5058909569374925,0
3,0,7,18,0,1,1,1,1.6714392656337473,1.7209140339068922,-0.710661384185936,1.376894273482633,-1.5058909569374925,0
3,1,7,4,0,6,0,1,1.0497083991289362,1.1057153365266141,0.8454015320766545,0.03416424037250481,0.986241167131304,1
2,0,5,19,0,1,1,1,0.4279775326241249,0.40229946744652306,1.0528765875783328,0.5223553669052369,-1.5058909569374925,0
2,1,5,1,0,0,0,2,0.2207339104558549,0.22644550017650028,0.2748451294470381,-0.4540268861602275,1.4846675919450634,1
3,0,7,6,0,6,0,1,0.6352211547923955,0.7540074019865686,0.3267138933224572,-0.6977135791363653,0.986241167131304,1
1,0,1,13,1,1,0,2,-1.644458689058579,-1.6203113442235408,-0.8143989119367755,-0.4540268861602275,-1.5058909569374925,0
2,1,5,21,0,2,1,1,0.7388429658765308,0.7540074019865686,0.11923883782077893,-0.4540268861602275,-1.0074645321237332,0
1,0,1,10,0,0,0,2,-0.7118623893013623,-0.7410415078734272,0.9491390598274939,0.2786686739290992,1.4846675919450634,1
1,1,3,19,0,0,0,1,0.013490288287584293,0.050011156776873573,-1.64429913394349,0.7668598004618318,1.4846675919450634,1
1,1,12,18,0,3,1,3,-1.1263496336379029,-1.2686034096834955,1.57156422633253,0.8887031469499004,-0.5090381073099739,0
4,1,11,7,0,0,0,1,-1.229971444722038,-1.180966614113286,0.11923883782077893,-0.6977135791363653,1.4846675919450634,1
1,0,1,11,0,5,1,1,-1.644458689058579,-1.796165311493564,-0.6069238564350966,0.7668598004618318,0.48781474231754474,0
1,0,1,10,0,6,0,1,-1.644458689058579,-1.6203113442235408,-0.1919737454317394,-0.20952245260363286,0.986241167131304,1
3,1,7,18,0,1,1,1,1.7750610767178827,1.896768001176915,-0.5031863286842572,-1.552252485713761,-1.5058909569374925,0
3,0,9,5,0,4,1,3,0.6352211547923955,0.40229946744652306,1.623432990207949,-0.8195569256244342,-0.010611682496214593,0
1,0,2,6,0,0,0,1,-1.5408368779744437,-1.7085285159233545,-0.8143989119367755,0.8887031469499004,1.4846675919450634,1
1,0,2,12,0,0,0,1,-0.5046187671330916,-0.3893335733333813,-0.4513175648088374,-0.8195569256244342,1.4846675919450634,1
4,0,10,8,0,0,0,1,-0.7118623893013623,-0.7410415078734272,1.2603516430800117,-0.4540268861602275,1.4846675919450634,1
3,0,9,10,0,2,1,1,0.9460865880448014,0.9298613692565912,0.3267138933224572,-0.4540268861602275,-1.0074645321237332,0
1,0,12,10,0,6,0,1,-0.5046187671330916,-0.3893335733333813,0.6897952404503953,-0.20952245260363286,0.986241167131304,1
3,0,6,18,0,2,1,2,1.360573832381342,1.4574232710666595,0.3785826571978769,0.5223553669052369,-1.0074645321237332,0
2,1,6,8,0,2,1,2,0.5315993437082602,0.5781534347165458,0.7935327682012348,-0.20952245260363286,-1.0074645321237332,0
4,0,10,8,0,3,1,2,-0.2973751449648213,-0.21347960606335856,0.22297636557161837,0.03416424037250481,-0.5090381073099739,0
4,1,12,19,0,2,1,1,-0.090131522796551,-0.03762563879333582,0.22297636557161837,0.2786686739290992,-1.0074645321237332,0
1,1,2,19,1,1,0,1,-0.8154842003854972,-0.9168954751434499,-1.488692842317231,0.2786686739290992,-1.5058909569374925,0
1,1,1,23,0,1,1,1,-1.229971444722038,-1.2686034096834955,-0.14010498155631967,0.03416424037250481,-1.5058909569374925,0
4,0,11,22,0,5,1,1,-1.229971444722038,-1.180966614113286,-0.5550550925596769,-0.6977135791363653,0.48781474231754474,0
2,0,5,3,0,6,0,2,0.013490288287584293,0.050011156776873573,1.3122204069554313,-0.4540268861602275,0.986241167131304,1
1,0,12,15,0,6,0,1,-0.9191060114696326,-1.0051126468432632,-1.2293490229401327,0.2786686739290992,0.986241167131304,1
3,0,9,18,0,0,0,1,0.9460865880448014,0.9298613692565912,0.11923883782077893,0.8887031469499004,1.4846675919450634,1
3,0,9,12,0,5,1,2,0.8424647769606661,0.8416441975567779,0.3267138933224572,0.2786686739290992,0.48781474231754474,0
1,1,1,15,0,0,0,2,-1.7480805001427142,-1.8843824831933773,0.8972702959520742,0.03416424037250481,1.4846675919450634,1
1,1,1,19,1,1,0,1,-1.3335932558061734,-1.444457376953518,-1.2812177868155523,0.2786686739290992,-1.5058909569374925,0
3,0,6,3,0,2,1,3,0.6352211547923955,0.5781534347165458,1.0528765875783328,-0.20952245260363286,-1.0074645321237332,0
3,0,8,9,0,0,0,1,1.1533302102130714,1.2815693037966367,0.5860577126995559,0.2786686739290992,1.4846675919450634,1
4,0,10,20,0,0,0,1,-0.8154842003854972,-0.6534047123032177,-0.29571127318257884,-1.552252485713761,1.4846675919450634,1
2,1,5,16,1,1,0,1,1.6714392656337473,1.8091312056067057,-0.34758003705799795,1.1332075805064954,-1.5058909569374925,0
1,1,3,0,0,2,1,2,0.3243557215399902,0.3140822957467097,-0.5550550925596769,0.03416424037250481,-1.0074645321237332,0
1,0,3,0,0,1,1,1,-1.229971444722038,-1.180966614113286,0.11923883782077893,-0.6977135791363653,-1.5058909569374925,0
2,0,5,20,0,0,0,1,0.11711209937171958,0.13822832847668692,0.741664004325815,-0.4540268861602275,1.4846675919450634,1
1,0,3,3,0,5,1,2,-0.9191060114696326,-0.8292586795732405,1.57156422633253,-0.8195569256244342,0.48781474231754474,0
1,0,2,9,0,2,1,1,-1.4372150668903083,-1.6203113442235408,-1.7480366616943295,2.1095898335719596,-1.0074645321237332,0
2,1,4,15,0,2,1,1,0.013490288287584293,0.050011156776873573,-2.0592492449468476,1.8650854000153652,-1.0074645321237332,0
1,1,3,23,0,1,1,1,0.3243557215399902,0.3140822957467097,-0.34758003705799795,0.2786686739290992,-1.5058909569374925,0
3,0,8,14,0,3,1,1,1.2569520212972067,1.0174981648268007,-1.1774802590647129,-0.4540268861602275,-0.5090381073099739,0
2,1,5,15,0,3,1,2,1.1533302102130714,1.1057153365266141,-0.7625301480613558,-0.6977135791363653,-0.5090381073099739,0
2,0,5,0,0,5,1,1,-0.2973751449648213,-0.21347960606335856,-0.9700052035630343,-0.20952245260363286,0.48781474231754474,0
1,1,1,11,0,6,0,1,-1.5408368779744437,-1.6203113442235408,-1.1774802590647129,0.03416424037250481,0.986241167131304,1
2,1,4,18,0,6,0,2,0.9460865880448014,0.9298613692565912,-0.8143989119367755,2.4751198730361663,0.986241167131304,1
3,0,8,14,0,5,1,1,1.5678174545496126,1.7209140339068922,-0.1919737454317394,-1.552252485713761,0.48781474231754474,0
2,1,6,11,0,2,1,3,0.8424647769606661,0.7540074019865686,1.0528765875783328,1.376894273482633,-1.0074645321237332,0
1,1,3,2,0,4,1,1,0.013490288287584293,0.050011156776873573,-0.1919737454317394,-1.552252485713761,-0.010611682496214593,0
2,0,5,14,0,2,1,1,0.6352211547923955,0.6657902302867552,0.5341889488241361,2.2314331800600287,-1.0074645321237332,0
1,1,12,13,0,0,0,1,-0.9191060114696326,-1.0051126468432632,-1.2293490229401327,0.2786686739290992,1.4846675919450634,1
2,0,4,17,0,5,1,3,-0.9191060114696326,-1.0051126468432632,1.57156422633253,0.5223553669052369,0.48781474231754474,0
2,1,4,10,0,4,1,1,-0.40099695604895663,-0.30169677776317194,-1.4368240784418116,0.7668598004618318,-0.010611682496214593,0
2,1,3,7,0,6,0,2,-0.7118623893013623,-0.7410415078734272,1.2603516430800117,-0.20952245260363286,0.986241167131304,1
4,1,10,23,0,5,1,1,0.11711209937171958,0.13822832847668692,1.0528765875783328,-0.20952245260363286,0.48781474231754474,0
3,0,7,20,0,5,1,1,0.8424647769606661,0.7540074019865686,1.0528765875783328,-0.20952245260363286,0.48781474231754474,0
3,0,7,8,0,6,0,1,1.4641956434654773,1.545060066636869,-0.1919737454317394,0.2786686739290992,0.986241167131304,1
3,1,6,3,0,4,1,1,1.1533302102130714,1.2815693037966367,0.5860577126995559,-1.552252485713761,-0.010611682496214593,0
3,0,7,15,0,3,1,1,1.8786828878020179,1.9849851728767285,-0.6587926203105163,-0.20952245260363286,-0.5090381073099739,0
2,1,4,7,0,6,0,1,-0.8154842003854972,-0.8292586795732405,-0.710661384185936,-0.20952245260363286,0.986241167131304,1
4,0,11,16,0,1,1,1,0.6352211547923955,0.8416441975567779,-0.8662676758121949,1.8650854000153652,-1.5058909569374925,0
1,1,1,21,0,3,1,1,-1.0227278225537677,-0.8292586795732405,0.11923883782077893,-1.552252485713761,-0.5090381073099739,0
4,1,11,4,0,0,0,1,-1.4372150668903083,-1.180966614113286,-0.9700052035630343,-1.552252485713761,1.4846675919450634,1
1,1,3,9,0,5,1,2,-0.8154842003854972,-1.0927494424134727,-1.0737427313138737,2.7196243065927606,0.48781474231754474,0
3,0,8,22,0,2,1,2,1.4641956434654773,1.545060066636869,-0.1919737454317394,-0.20952245260363286,-1.0074645321237332,0
3,0,8,3,0,4,1,1,0.8424647769606661,0.8416441975567779,0.3267138933224572,0.7668598004618318,-0.010611682496214593,0
4,1,10,20,0,5,1,1,-0.40099695604895663,-0.30169677776317194,-0.8143989119367755,-0.4540268861602275,0.48781474231754474,0
1,1,12,15,0,0,0,1,-1.1263496336379029,-1.2686034096834955,-1.2812177868155523,1.1332075805064954,1.4846675919450634,1
3,1,9,13,0,1,1,1,0.7388429658765308,0.7540074019865686,0.11923883782077893,0.5223553669052369,-1.5058909569374925,0
4,1,10,7,0,2,1,3,0.4279775326241249,0.40229946744652306,1.0528765875783328,-0.6977135791363653,-1.0074645321237332,0
3,1,8,11,0,5,1,1,1.8786828878020179,1.545060066636869,-1.7999054255697489,0.8887031469499004,0.48781474231754474,0
3,1,6,20,0,0,0,1,1.4641956434654773,1.2815693037966367,-0.8662676758121949,0.5223553669052369,1.4846675919450634,1
4,1,9,19,0,4,1,1,0.8424647769606661,0.8416441975567779,0.11923883782077893,-0.4540268861602275,-0.010611682496214593,0
4,1,12,0,0,6,0,1,-1.229971444722038,-1.0051126468432632,0.9491390598274939,-1.552252485713761,0.986241167131304,1
2,0,4,3,0,3,1,3,-0.5046187671330916,-0.3893335733333813,1.623432990207949,1.1332075805064954,-0.5090381073099739,0
1,0,1,21,0,2,1,1,-1.3335932558061734,-1.444457376953518,0.11923883782077893,0.03416424037250481,-1.0074645321237332,0
4,1,10,1,0,0,0,2,0.013490288287584293,0.050011156776873573,0.48232018494871637,0.7668598004618318,1.4846675919450634,1
3,0,6,2,0,5,1,1,0.8424647769606661,0.7540074019865686,1.0528765875783328,1.1332075805064954,0.48781474231754474,0
1,1,2,0,0,5,1,2,-1.1263496336379029,-1.0051126468432632,0.11923883782077893,-0.8195569256244342,0.48781474231754474,0
1,0,1,8,0,0,0,3,-0.5046187671330916,-0.3893335733333813,0.43045142107329665,0.2786686739290992,1.4846675919450634,1
3,0,7,18,0,1,1,1,1.2569520212972067,1.3692060993668462,0.5860577126995559,-0.8195569256244342,-1.5058909569374925,0
1,0,1,7,0,4,1,2,-1.7480805001427142,-1.444457376953518,-0.1919737454317394,-1.552252485713761,-0.010611682496214593,0
3,1,8,5,0,3,1,1,0.5315993437082602,0.5781534347165458,0.7935327682012348,-1.552252485713761,-0.5090381073099739,0
1,0,3,15,0,6,0,1,-0.40099695604895663,-0.30169677776317194,-0.9700052035630343,2.4751198730361663,0.986241167131304,1
1,1,1,2,0,5,1,1,-1.229971444722038,-1.180966614113286,-0.7625301480613558,-0.4540268861602275,0.48781474231754474,0
4,1,10,12,0,3,1,2,1.0497083991289362,1.0174981648268007,0.3785826571978769,-0.6977135791363653,-0.5090381073099739,0
3,1,7,2,0,2,1,1,0.8424647769606661,0.7540074019865686,1.0528765875783328,-0.4540268861602275,-1.0074645321237332,0
3,0,9,1,0,5,1,2,0.6352211547923955,0.22644550017650028,1.9346455734604673,-0.20952245260363286,0.48781474231754474,0
4,1,10,3,0,2,1,1,-0.40099695604895663,-0.30169677776317194,0.22297636557161837,-0.6977135791363653,-1.0074645321237332,0
2,0,4,9,0,0,0,1,-0.7118623893013623,-0.9168954751434499,-0.6587926203105163,2.4751198730361663,1.4846675919450634,1
3,0,9,20,1,1,0,3,0.8424647769606661,0.6657902302867552,1.623432990207949,0.5223553669052369,-1.5058909569374925,0
2,1,6,2,0,6,0,2,0.2207339104558549,0.22644550017650028,1.3122204069554313,-1.552252485713761,0.986241167131304,1
2,1,5,7,0,5,1,1,-0.40099695604895663,-0.30169677776317194,-0.6587926203105163,0.5223553669052369,0.48781474231754474,0
1,0,2,21,0,3,1,1,-1.4372150668903083,-1.6203113442235408,-0.8143989119367755,1.1332075805064954,-0.5090381073099739,0
2,0,5,0,0,5,1,1,0.9460865880448014,0.9298613692565912,0.3267138933224572,0.5223553669052369,0.48781474231754474,0
4,1,11,17,0,0,0,1,-1.1263496336379029,-1.180966614113286,-1.1256114951892935,-0.20952245260363286,1.4846675919450634,1
2,1,5,10,0,3,1,1,0.8424647769606661,0.8416441975567779,-0.08823621768089995,-1.552252485713761,-0.5090381073099739,0
1,0,1,11,0,2,1,1,-1.4372150668903083,-1.5326745486533315,-0.6069238564350966,0.8887031469499004,-1.0074645321237332,0
4,1,11,23,0,1,1,1,-1.229971444722038,-1.180966614113286,-0.14010498155631967,-0.4540268861602275,-1.5058909569374925,0
3,0,7,20,0,3,1,1,1.360573832381342,1.1933521320968234,-0.9181364396876146,0.2786686739290992,-0.5090381073099739,0
1,0,1,2,0,3,1,3,-1.4372150668903083,-1.444457376953518,1.57156422633253,-0.4540268861602275,-0.5090381073099739,0
2,0,6,5,0,5,1,1,0.2207339104558549,0.22644550017650028,1.9346455734604673,-1.552252485713761,0.48781474231754474,0
2,0,6,9,0,0,0,2,0.5315993437082602,0.5781534347165458,0.7935327682012348,0.03416424037250481,1.4846675919450634,1
4,1,12,23,0,4,1,1,-1.3335932558061734,-1.3568205813833087,0.11923883782077893,-0.20952245260363286,-0.010611682496214593,0
1,0,2,22,0,4,1,1,0.013490288287584293,0.050011156776873573,-0.1919737454317394,0.7668598004618318,-0.010611682496214593,0
1,1,2,13,0,6,0,1,-0.5046187671330916,-0.3893335733333813,-1.021873967438454,0.7668598004618318,0.986241167131304,1
2,1,5,3,0,2,1,2,0.11711209937171958,0.13822832847668692,0.2748451294470381,0.7668598004618318,-1.0074645321237332,0
3,0,8,11,0,5,1,2,1.360573832381342,1.3692060993668462,-0.036367453805480225,-1.552252485713761,0.48781474231754474,0
4,0,12,16,0,1,1,1,-0.5046187671330916,-0.3893335733333813,-1.1774802590647129,0.5223553669052369,-1.5058909569374925,0
4,0,10,6,0,3,1,1,-0.2973751449648213,-0.21347960606335856,1.001007823702913,-0.6977135791363653,-0.5090381073099739,0
2,0,5,0,0,6,0,1,0.4279775326241249,0.40229946744652306,1.3122204069554313,-0.4540268861602275,0.986241167131304,1
2,0,4,1,0,3,1,1,-1.229971444722038,-1.180966614113286,-0.14010498155631967,-0.4540268861602275,-0.5090381073099739,0
3,0,8,23,0,2,1,1,0.8424647769606661,0.8416441975567779,0.11923883782077893,-0.4540268861602275,-1.0074645321237332,0
4,0,10,18,0,0,0,2,-0.7118623893013623,-0.7410415078734272,0.9491390598274939,0.03416424037250481,1.4846675919450634,1
4,1,12,16,0,2,1,1,-0.2973751449648213,-0.21347960606335856,-1.1256114951892935,2.2314331800600287,-1.0074645321237332,0
4,0,11,21,0,0,0,2,-0.090131522796551,-0.03762563879333582,0.741664004325815,-0.8195569256244342,1.4846675919450634,1
3,1,7,14,0,0,0,1,2.3967919432226936,2.512547074686797,-1.3849553145663918,-0.20952245260363286,1.4846675919450634,1
3,1,7,13,0,0,0,1,1.5678174545496126,1.545060066636869,-0.710661384185936,0.2786686739290992,1.4846675919450634,1
2,0,4,14,0,5,1,2,-0.7118623893013623,-0.8292586795732405,-0.8662676758121949,1.376894273482633,0.48781474231754474,0
3,1,7,17,0,6,0,1,1.6714392656337473,1.633277238336683,-0.8662676758121949,0.03416424037250481,0.986241167131304,1
3,0,8,11,0,3,1,1,1.1533302102130714,1.0174981648268007,-1.0737427313138737,-0.4540268861602275,-0.5090381073099739,0
1,0,1,20,0,5,1,1,-1.644458689058579,-1.5326745486533315,-0.8143989119367755,-0.6977135791363653,0.48781474231754474,0
1,1,2,6,0,2,1,1,-1.5408368779744437,-1.2686034096834955,0.6379264765749756,-1.552252485713761,-1.0074645321237332,0
1,1,2,22,0,2,1,1,-0.9191060114696326,-0.9168954751434499,-0.29571127318257884,0.03416424037250481,-1.0074645321237332,0
1,0,12,23,1,1,0,1,-1.229971444722038,-1.180966614113286,0.3785826571978769,-0.6977135791363653,-1.5058909569374925,0
3,0,7,7,0,5,1,1,0.8424647769606661,0.8416441975567779,-0.4513175648088374,-0.6977135791363653,0.48781474231754474,0
3,0,7,13,0,4,1,1,1.9823046988861532,2.424329902986983,-0.34758003705799795,0.8887031469499004,-0.010611682496214593,0
1,1,2,23,0,3,1,2,-0.19375333388068602,-0.1258428104931492,-1.1256114951892935,0.7668598004618318,-0.5090381073099739,0
4,0,12,6,0,6,0,1,-1.3335932558061734,-1.2686034096834955,0.11923883782077893,-0.6977135791363653,0.986241167131304,1
1,1,1,1,0,4,1,1,-1.5408368779744437,-1.444457376953518,-0.6069238564350966,-0.8195569256244342,-0.010611682496214593,0
1,0,3,5,0,1,1,1,-1.5408368779744437,-1.7085285159233545,0.6379264765749756,1.376894273482633,-1.5058909569374925,0
4,1,10,5,0,5,1,2,0.11711209937171958,0.13822832847668692,1.3122204069554313,-0.6977135791363653,0.48781474231754474,0
1,0,2,18,0,2,1,2,-1.3335932558061734,-1.2686034096834955,0.9491390598274939,-0.6977135791363653,-1.0074645321237332,0
2,1,4,12,0,4,1,1,0.2207339104558549,0.22644550017650028,-0.710661384185936,-1.552252485713761,-0.010611682496214593,0
3,1,8,22,0,2,1,1,1.1533302102130714,1.1933521320968234,0.17110760169619865,-0.8195569256244342,-1.0074645321237332,0
2,0,5,8,0,1,1,1,0.3243557215399902,0.3140822957467097,0.5341889488241361,0.8887031469499004,-1.5058909569374925,0
2,0,6,19,0,1,1,1,1.1533302102130714,1.1057153365266141,-0.4513175648088374,0.03416424037250481,-1.5058909569374925,0
3,0,8,2,0,1,1,2,1.0497083991289362,1.0174981648268007,0.11923883782077893,-0.6977135791363653,-1.5058909569374925,0
1,0,2,8,0,6,0,1,-1.8517023112268494,-1.8843824831933773,1.2084828792045919,-0.4540268861602275,0.986241167131304,1
1,1,1,10,0,3,1,1,-2.26618955556339,-2.1478732460336096,-0.9181364396876146,-1.552252485713761,-0.5090381073099739,0
4,0,11,16,0,4,1,1,-0.9191060114696326,-1.0927494424134727,-1.2293490229401327,1.8650854000153652,-0.010611682496214593,0
3,0,8,1,0,0,0,2,1.0497083991289362,1.1057153365266141,1.1047453514537524,0.5223553669052369,1.4846675919450634,1
1,0,1,12,0,2,1,2,-1.5408368779744437,-1.7085285159233545,1.2084828792045919,1.1332075805064954,-1.0074645321237332,0
2,1,5,0,0,4,1,2,-0.090131522796551,-0.03762563879333582,1.001007823702913,0.2786686739290992,-0.010611682496214593,0
4,1,11,22,0,3,1,1,-0.8154842003854972,-0.6534047123032177,-0.710661384185936,-1.552252485713761,-0.5090381073099739,0
3,0,8,9,0,5,1,1,1.1533302102130714,1.0174981648268007,-1.488692842317231,-0.4540268861602275,0.48781474231754474,0
1,1,12,13,0,5,1,2,-0.9191060114696326,-1.0927494424134727,-1.2293490229401327,1.8650854000153652,0.48781474231754474,0
2,0,4,14,0,3,1,1,1.2569520212972067,1.0174981648268007,-1.1774802590647129,2.2314331800600287,-0.5090381073099739,0
4,1,10,13,0,3,1,1,-0.40099695604895663,-0.30169677776317194,-0.6587926203105163,0.2786686739290992,-0.5090381073099739,0
3,0,6,2,0,1,1,3,0.6352211547923955,0.6657902302867552,0.7935327682012348,-0.4540268861602275,-1.5058909569374925,0
1,1,1,7,0,6,0,1,-1.8517023112268494,-1.8843824831933773,-0.6587926203105163,-0.4540268861602275,0.986241167131304,1
2,1,4,21,0,2,1,1,0.3243557215399902,0.3140822957467097,-1.9036429533205883,0.8887031469499004,-1.0074645321237332,0
1,0,12,23,0,5,1,1,-0.9191060114696326,-0.8292586795732405,0.17110760169619865,-0.4540268861602275,0.48781474231754474,0
4,1,10,22,0,2,1,2,-0.090131522796551,-0.03762563879333582,0.741664004325815,-0.8195569256244342,-1.0074645321237332,0
4,1,11,21,1,1,0,3,0.2207339104558549,0.22644550017650028,0.5341889488241361,0.2786686739290992,-1.5058909569374925,0
3,1,9,15,0,0,0,1,0.7388429658765308,0.8416441975567779,-1.1256114951892935,-0.20952245260363286,1.4846675919450634,1
1,0,3,1,0,3,1,1,-1.229971444722038,-1.180966614113286,-0.5550550925596769,-0.4540268861602275,-0.5090381073099739,0
2,0,6,18,0,2,1,1,1.4641956434654773,1.2815693037966367,-0.8662676758121949,0.7668598004618318,-1.0074645321237332,0
4,1,11,6,0,1,1,1,-1.4372150668903083,-1.180966614113286,0.3267138933224572,-1.552252485713761,-1.5058909569374925,0
3,0,9,8,0,0,0,1,0.7388429658765308,0.6657902302867552,0.7935327682012348,-1.552252485713761,1.4846675919450634,1
3,0,8,7,0,1,1,1,0.5315993437082602,0.40229946744652306,1.3122204069554313,0.5223553669052369,-1.5058909569374925,0
1,0,3,20,0,1,1,1,-0.8154842003854972,-0.9168954751434499,-0.8662676758121949,0.2786686739290992,-1.5058909569374925,0
1,0,1,0,0,5,1,2,-1.3335932558061734,-1.444457376953518,0.3785826571978769,0.5223553669052369,0.48781474231754474,0
3,1,7,8,0,1,1,2,1.1533302102130714,1.2815693037966367,0.5860577126995559,-0.6977135791363653,-1.5058909569374925,0
2,1,4,15,0,0,0,1,0.013490288287584293,0.050011156776873573,-0.39944880093341767,0.5223553669052369,1.4846675919450634,1
3,0,8,0,0,2,1,1,0.8424647769606661,0.8416441975567779,0.5860577126995559,-1.552252485713761,-1.0074645321237332,0
2,1,5,12,0,2,1,1,0.7388429658765308,0.7540074019865686,0.5341889488241361,0.03416424037250481,-1.0074645321237332,0
4,0,10,21,1,1,0,1,0.3243557215399902,0.3140822957467097,1.3122204069554313,-0.8195569256244342,-1.5058909569374925,0
4,0,10,22,0,4,1,1,-0.7118623893013623,-0.9168954751434499,0.17110760169619865,2.4751198730361663,-0.010611682496214593,0
4,0,11,6,0,1,1,1,-0.40099695604895663,-0.30169677776317194,1.001007823702913,-0.8195569256244342,-1.5058909569374925,0
1,0,1,11,0,0,0,1,-1.4372150668903083,-1.180966614113286,0.6379264765749756,-1.552252485713761,1.4846675919450634,1
1,1,2,8,0,3,1,2,-1.1263496336379029,-1.0927494424134727,0.6379264765749756,-0.6977135791363653,-0.5090381073099739,0
4,0,11,18,0,6,0,1,-0.6082405782172269,-0.477550745033195,-0.8662676758121949,-0.4540268861602275,0.986241167131304,1
2,0,5,14,0,2,1,2,0.6352211547923955,0.8416441975567779,-1.5405616061926506,-1.552252485713761,-1.0074645321237332,0
3,0,9,21,0,3,1,2,0.5315993437082602,0.13822832847668692,1.9346455734604673,-0.8195569256244342,-0.5090381073099739,0
2,1,4,12,0,5,1,1,-0.40099695604895663,-0.30169677776317194,-1.4368240784418116,0.8887031469499004,0.48781474231754474,0
1,1,2,9,0,4,1,2,-1.0227278225537677,-1.0051126468432632,0.3785826571978769,-0.20952245260363286,-0.010611682496214593,0
3,1,6,22,0,6,0,1,1.4641956434654773,1.545060066636869,-0.036367453805480225,-0.20952245260363286,0.986241167131304,1
3,1,9,20,0,4,1,1,0.8424647769606661,0.7540074019865686,0.7935327682012348,0.2786686739290992,-0.010611682496214593,0
4,0,10,3,0,1,1,1,0.3243557215399902,0.3140822957467097,-0.710661384185936,0.03416424037250481,-1.5058909569374925,0
2,1,5,10,0,2,1,1,0.6352211547923955,0.6657902302867552,0.7935327682012348,0.5223553669052369,-1.0074645321237332,0
3,0,8,14,0,3,1,1,1.7750610767178827,1.4574232710666595,-1.488692842317231,1.1332075805064954,-0.5090381073099739,0
1,1,12,4,0,0,0,2,-1.229971444722038,-1.2686034096834955,-0.34758003705799795,0.2786686739290992,1.4846675919450634,1
1,1,12,15,0,3,1,3,-1.229971444722038,-1.444457376953518,1.2603516430800117,1.376894273482633,-0.5090381073099739,0
3,0,8,9,0,0,0,1,0.8424647769606661,0.8416441975567779,0.5860577126995559,1.8650854000153652,1.4846675919450634,1
3,1,7,8,0,0,0,1,1.7750610767178827,1.896768001176915,-0.5031863286842572,-0.4540268861602275,1.4846675919450634,1
2,1,5,0,0,1,1,3,0.4279775326241249,0.40229946744652306,1.3122204069554313,0.8887031469499004,-1.5058909569374925,0
4,0,10,5,0,5,1,2,0.3243557215399902,0.3140822957467097,1.623432990207949,-0.20952245260363286,0.48781474231754474,0
3,1,8,2,0,6,0,3,0.7388429658765308,0.6657902302867552,0.7935327682012348,0.03416424037250481,0.986241167131304,1
1,0,1,12,0,6,0,2,-1.5408368779744437,-1.7085285159233545,-0.1919737454317394,1.376894273482633,0.986241167131304,1
4,1,11,10,1,1,0,1,-0.090131522796551,-0.03762563879333582,0.741664004325815,-0.20952245260363286,-1.5058909569374925,0
4,0,12,19,0,2,1,1,-0.9191060114696326,-0.9168954751434499,-0.710661384185936,-0.20952245260363286,-1.0074645321237332,0
